¹ÉÆ±´úÂë,½»Ò×ÈÕÆÚ,¿ªÅÌ¼Û,×î¸ß¼Û,×îµÍ¼Û,ÊÕÅÌ¼Û,×òÊÕÅÌ,ÕÇµø·ù,³É½»Á¿,³É½»¶î
hk00573,2019-01-16,1.320000,1.330000,1.310000,1.320000,1.310000,0.007634,180100.000000,237213.000000
hk00573,2019-01-15,1.330000,1.330000,1.310000,1.310000,1.330000,-0.015038,128000.000000,168810.000000
hk00573,2019-01-14,0.000000,0.000000,0.000000,1.330000,1.330000,0.000000,0.000000,0.000000
hk00573,2019-01-11,1.310000,1.330000,1.300000,1.330000,1.310000,0.015267,339000.000000,449770.000000
hk00573,2019-01-10,1.310000,1.330000,1.310000,1.310000,1.310000,0.000000,64000.000000,84870.000000
hk00573,2019-01-09,1.320000,1.330000,1.310000,1.310000,1.320000,-0.007576,59000.000000,77860.000000
hk00573,2019-01-08,1.300000,1.320000,1.290000,1.320000,1.300000,0.015385,226000.000000,294000.000000
hk00573,2019-01-07,1.310000,1.330000,1.300000,1.300000,1.300000,0.000000,45000.000000,59080.000000
hk00573,2019-01-04,1.320000,1.330000,1.290000,1.300000,1.320000,-0.015152,513000.000000,675550.000000
hk00573,2019-01-03,1.320000,1.330000,1.320000,1.320000,1.300000,0.015385,711000.000000,938560.000000
hk00573,2019-01-02,1.320000,1.320000,1.300000,1.300000,1.310000,-0.007634,14000.000000,18320.000000
hk00573,2018-12-31,1.300000,1.320000,1.300000,1.310000,1.300000,0.007692,33000.000000,43030.000000
hk00573,2018-12-28,1.320000,1.320000,1.300000,1.300000,1.300000,0.000000,221000.000000,291440.000000
hk00573,2018-12-27,1.310000,1.320000,1.300000,1.300000,1.310000,-0.007634,193000.000000,251590.000000
hk00573,2018-12-24,1.300000,1.320000,1.300000,1.310000,1.320000,-0.007576,53000.000000,69260.000000
hk00573,2018-12-21,1.310000,1.320000,1.300000,1.320000,1.320000,0.000000,135000.000000,176870.000000
hk00573,2018-12-20,1.320000,1.330000,1.310000,1.320000,1.330000,-0.007519,263000.000000,345590.000000
hk00573,2018-12-19,1.330000,1.330000,1.310000,1.330000,1.330000,0.000000,96000.000000,127350.000000
hk00573,2018-12-18,1.320000,1.330000,1.310000,1.330000,1.310000,0.015267,437000.000000,575250.000000
hk00573,2018-12-17,1.330000,1.330000,1.310000,1.310000,1.340000,-0.022388,458000.000000,604900.000000
hk00573,2018-12-14,1.340000,1.340000,1.320000,1.340000,1.330000,0.007519,183000.000000,243640.000000
hk00573,2018-12-13,1.330000,1.350000,1.320000,1.330000,1.330000,0.000000,626000.000000,834310.000000
hk00573,2018-12-12,1.320000,1.340000,1.320000,1.330000,1.320000,0.007576,129000.000000,170320.000000
hk00573,2018-12-11,1.330000,1.350000,1.320000,1.320000,1.320000,0.000000,55000.000000,73150.000000
hk00573,2018-12-10,1.350000,1.350000,1.320000,1.320000,1.330000,-0.007519,168000.000000,223040.000000
hk00573,2018-12-07,1.350000,1.360000,1.330000,1.330000,1.350000,-0.014815,46000.000000,61710.000000
hk00573,2018-12-06,1.370000,1.370000,1.350000,1.350000,1.370000,-0.014599,16000.000000,21780.000000
hk00573,2018-12-05,1.350000,1.370000,1.350000,1.370000,1.350000,0.014815,62000.000000,84260.000000
hk00573,2018-12-04,0.000000,0.000000,0.000000,1.350000,1.350000,0.000000,0.000000,0.000000
hk00573,2018-12-03,1.360000,1.370000,1.350000,1.350000,1.360000,-0.007353,99000.000000,134450.000000
hk00573,2018-11-30,1.360000,1.360000,1.350000,1.360000,1.360000,0.000000,141000.000000,191560.000000
hk00573,2018-11-29,1.350000,1.360000,1.340000,1.360000,1.340000,0.014925,801000.000000,1083690.000000
hk00573,2018-11-28,1.340000,1.350000,1.340000,1.340000,1.330000,0.007519,178000.000000,239760.000000
hk00573,2018-11-27,1.330000,1.350000,1.330000,1.330000,1.320000,0.007576,64000.000000,85390.000000
hk00573,2018-11-26,1.330000,1.340000,1.320000,1.320000,1.330000,-0.007519,197000.000000,263190.000000
hk00573,2018-11-23,1.330000,1.340000,1.330000,1.330000,1.330000,0.000000,110000.000000,146320.000000
hk00573,2018-11-22,1.320000,1.330000,1.320000,1.330000,1.330000,0.000000,37000.000000,48860.000000
hk00573,2018-11-21,1.310000,1.330000,1.310000,1.330000,1.320000,0.007576,15000.000000,19720.000000
hk00573,2018-11-20,1.320000,1.320000,1.310000,1.320000,1.330000,-0.007519,154000.000000,202840.000000
hk00573,2018-11-19,1.310000,1.330000,1.310000,1.330000,1.330000,0.000000,55000.000000,72670.000000
hk00573,2018-11-16,1.320000,1.340000,1.320000,1.330000,1.320000,0.007576,114000.000000,150540.000000
hk00573,2018-11-15,1.320000,1.320000,1.310000,1.320000,1.320000,0.000000,81000.000000,106720.000000
hk00573,2018-11-14,1.330000,1.350000,1.310000,1.320000,1.310000,0.007634,265000.000000,349250.000000
hk00573,2018-11-13,1.320000,1.320000,1.310000,1.310000,1.320000,-0.007576,84000.000000,110050.000000
hk00573,2018-11-12,1.310000,1.350000,1.310000,1.320000,1.310000,0.007634,82000.000000,107920.000000
hk00573,2018-11-09,1.310000,1.320000,1.310000,1.310000,1.340000,-0.022388,196000.000000,256770.000000
hk00573,2018-11-08,1.310000,1.340000,1.310000,1.340000,1.340000,0.000000,15000.000000,19810.000000
hk00573,2018-11-07,1.320000,1.340000,1.320000,1.340000,1.320000,0.015152,106000.000000,141120.000000
hk00573,2018-11-06,1.320000,1.320000,1.300000,1.320000,1.310000,0.007634,77000.000000,101010.000000
hk00573,2018-11-05,1.330000,1.330000,1.280000,1.310000,1.330000,-0.015038,167000.000000,217280.000000
hk00573,2018-11-02,1.320000,1.340000,1.320000,1.330000,1.310000,0.015267,423000.000000,565330.000000
hk00573,2018-11-01,1.330000,1.330000,1.290000,1.310000,1.320000,-0.007576,333000.000000,433520.000000
hk00573,2018-10-31,1.320000,1.330000,1.320000,1.320000,1.310000,0.007634,71000.000000,93920.000000
hk00573,2018-10-30,1.320000,1.330000,1.310000,1.310000,1.320000,-0.007576,15001.000000,19841.000000
hk00573,2018-10-29,1.340000,1.340000,1.320000,1.320000,1.340000,-0.014925,150000.000000,198770.000000
hk00573,2018-10-26,1.310000,1.340000,1.310000,1.340000,1.310000,0.022901,228000.000000,301580.000000
hk00573,2018-10-25,1.310000,1.320000,1.290000,1.310000,1.310000,0.000000,127000.000000,164970.000000
hk00573,2018-10-24,1.320000,1.350000,1.310000,1.310000,1.320000,-0.007576,149000.000000,195470.000000
hk00573,2018-10-23,1.340000,1.350000,1.310000,1.320000,1.330000,-0.007519,237000.000000,311860.000000
hk00573,2018-10-22,1.330000,1.340000,1.320000,1.330000,1.320000,0.007576,170000.000000,225490.000000
hk00573,2018-10-19,1.330000,1.340000,1.320000,1.320000,1.330000,-0.007519,379000.000000,501520.000000
hk00573,2018-10-18,1.330000,1.350000,1.330000,1.330000,1.330000,0.000000,125000.000000,166540.000000
hk00573,2018-10-16,1.350000,1.350000,1.330000,1.330000,1.350000,-0.014815,87000.000000,116630.000000
hk00573,2018-10-15,1.340000,1.350000,1.320000,1.350000,1.350000,0.000000,165000.000000,221400.000000
hk00573,2018-10-12,1.360000,1.370000,1.330000,1.350000,1.360000,-0.007353,683000.000000,921820.000000
hk00573,2018-10-11,1.390000,1.390000,1.330000,1.360000,1.380000,-0.014493,767000.000000,1036590.000000
hk00573,2018-10-10,1.380000,1.390000,1.370000,1.380000,1.360000,0.014706,249000.000000,343630.000000
hk00573,2018-10-09,1.350000,1.370000,1.350000,1.360000,1.370000,-0.007299,49000.000000,66630.000000
hk00573,2018-10-08,1.370000,1.380000,1.350000,1.370000,1.350000,0.014815,352000.000000,481650.000000
hk00573,2018-10-05,1.380000,1.380000,1.350000,1.350000,1.360000,-0.007353,268000.000000,364270.000000
hk00573,2018-10-04,1.360000,1.400000,1.360000,1.360000,1.360000,0.000000,703000.000000,971400.000000
hk00573,2018-10-03,1.360000,1.390000,1.360000,1.360000,1.370000,-0.007299,414000.000000,565590.000000
hk00573,2018-10-02,1.390000,1.390000,1.360000,1.370000,1.380000,-0.007246,511000.000000,702710.000000
hk00573,2018-09-28,1.400000,1.400000,1.370000,1.380000,1.370000,0.007299,568000.000000,784040.000000
hk00573,2018-09-27,1.410000,1.420000,1.370000,1.370000,1.415000,-0.031802,534000.000000,745490.000000
hk00573,2018-09-26,1.470000,1.490000,1.440000,1.470000,1.460000,0.006849,1948005.000000,2851717.000000
hk00573,2018-09-24,1.450000,1.470000,1.430000,1.460000,1.450000,0.006897,545000.000000,789810.000000
hk00573,2018-09-21,1.430000,1.470000,1.430000,1.450000,1.430000,0.013986,1279000.000000,1871580.000000
hk00573,2018-09-20,1.430000,1.460000,1.430000,1.430000,1.410000,0.014184,964000.000000,1391990.000000
hk00573,2018-09-19,1.400000,1.450000,1.400000,1.410000,1.400000,0.007143,728000.000000,1037100.000000
hk00573,2018-09-18,1.420000,1.420000,1.390000,1.400000,1.420000,-0.014085,670000.000000,942110.000000
hk00573,2018-09-17,1.400000,1.430000,1.390000,1.420000,1.380000,0.028986,540000.000000,759890.000000
hk00573,2018-09-14,1.420000,1.420000,1.380000,1.380000,1.390000,-0.007194,590000.000000,819130.000000
hk00573,2018-09-13,1.370000,1.400000,1.370000,1.390000,1.370000,0.014599,526000.000000,729240.000000
hk00573,2018-09-12,1.390000,1.410000,1.370000,1.370000,1.370000,0.000000,570000.000000,789500.000000
hk00573,2018-09-11,1.390000,1.400000,1.360000,1.370000,1.380000,-0.007246,707000.000000,974730.000000
hk00573,2018-09-10,1.430000,1.430000,1.370000,1.380000,1.400000,-0.014286,564000.000000,785030.000000
hk00573,2018-09-07,1.430000,1.430000,1.400000,1.400000,1.400000,0.000000,303000.000000,425160.000000
hk00573,2018-09-06,1.400000,1.420000,1.370000,1.400000,1.400000,0.000000,663000.000000,927080.000000
hk00573,2018-09-05,1.420000,1.420000,1.390000,1.400000,1.400000,0.000000,111000.000000,155190.000000
hk00573,2018-09-04,1.380000,1.410000,1.380000,1.400000,1.410000,-0.007092,84000.000000,117150.000000
hk00573,2018-09-03,1.450000,1.450000,1.410000,1.410000,1.410000,0.000000,144000.000000,203850.000000
hk00573,2018-08-31,1.390000,1.420000,1.390000,1.410000,1.410000,0.000000,314000.000000,437950.000000
hk00573,2018-08-30,1.440000,1.440000,1.410000,1.410000,1.440000,-0.020833,185000.000000,261470.000000
hk00573,2018-08-29,1.440000,1.440000,1.430000,1.440000,1.440000,0.000000,28000.000000,40120.000000
hk00573,2018-08-28,1.460000,1.460000,1.420000,1.440000,1.430000,0.006993,163000.000000,233060.000000
hk00573,2018-08-27,1.450000,1.460000,1.420000,1.430000,1.430000,0.000000,389000.000000,558670.000000
hk00573,2018-08-24,1.380000,1.500000,1.380000,1.430000,1.340000,0.067164,2016000.000000,2891210.000000
hk00573,2018-08-23,1.350000,1.360000,1.340000,1.340000,1.350000,-0.007407,251000.000000,339080.000000
hk00573,2018-08-22,1.350000,1.350000,1.340000,1.350000,1.350000,0.000000,85000.000000,114650.000000
hk00573,2018-08-21,1.350000,1.350000,1.340000,1.350000,1.350000,0.000000,120000.000000,161790.000000
hk00573,2018-08-20,1.340000,1.350000,1.340000,1.350000,1.340000,0.007463,191000.000000,257120.000000
hk00573,2018-08-17,1.320000,1.350000,1.320000,1.340000,1.320000,0.015152,142000.000000,188320.000000
hk00573,2018-08-16,1.320000,1.320000,1.320000,1.320000,1.320000,0.000000,139000.000000,183480.000000
hk00573,2018-08-15,1.320000,1.330000,1.310000,1.320000,1.330000,-0.007519,218000.000000,287350.000000
hk00573,2018-08-14,1.350000,1.350000,1.330000,1.330000,1.350000,-0.014815,230000.000000,306920.000000
hk00573,2018-08-13,1.330000,1.350000,1.330000,1.350000,1.350000,0.000000,152000.000000,204860.000000
hk00573,2018-08-10,1.350000,1.350000,1.350000,1.350000,1.340000,0.007463,78000.000000,105300.000000
hk00573,2018-08-09,1.330000,1.350000,1.320000,1.340000,1.350000,-0.007407,124000.000000,166140.000000
hk00573,2018-08-08,1.350000,1.350000,1.330000,1.350000,1.350000,0.000000,384000.000000,512590.000000
hk00573,2018-08-07,1.330000,1.360000,1.330000,1.350000,1.360000,-0.007353,253000.000000,343130.000000
hk00573,2018-08-06,1.340000,1.360000,1.340000,1.360000,1.340000,0.014925,60000.000000,80470.000000
hk00573,2018-08-03,1.330000,1.360000,1.330000,1.340000,1.360000,-0.014706,37000.000000,49810.000000
hk00573,2018-08-02,1.370000,1.370000,1.300000,1.360000,1.360000,0.000000,671000.000000,901550.000000
hk00573,2018-08-01,1.350000,1.370000,1.350000,1.360000,1.360000,0.000000,56000.000000,76150.000000
hk00573,2018-07-31,1.370000,1.380000,1.350000,1.360000,1.370000,-0.007299,56000.000000,75960.000000
hk00573,2018-07-30,1.370000,1.370000,1.370000,1.370000,1.360000,0.007353,2000.000000,2740.000000
hk00573,2018-07-27,1.350000,1.350000,1.350000,1.360000,1.370000,-0.007299,2000.000000,2700.000000
hk00573,2018-07-26,1.360000,1.370000,1.350000,1.370000,1.360000,0.007353,11000.000000,14960.000000
hk00573,2018-07-25,1.360000,1.370000,1.360000,1.360000,1.360000,0.000000,31000.000000,42180.000000
hk00573,2018-07-24,1.380000,1.380000,1.350000,1.360000,1.380000,-0.014493,117000.000000,160730.000000
hk00573,2018-07-23,1.380000,1.380000,1.360000,1.380000,1.350000,0.022222,255000.000000,350480.000000
hk00573,2018-07-20,1.350000,1.370000,1.350000,1.350000,1.360000,-0.007353,143000.000000,193530.000000
hk00573,2018-07-19,1.360000,1.380000,1.350000,1.360000,1.350000,0.007407,87004.000000,118246.000000
hk00573,2018-07-18,1.360000,1.360000,1.340000,1.350000,1.370000,-0.014599,45000.000000,60930.000000
hk00573,2018-07-17,1.360000,1.380000,1.340000,1.370000,1.340000,0.022388,345000.000000,473410.000000
hk00573,2018-07-16,1.330000,1.340000,1.320000,1.340000,1.340000,0.000000,125000.000000,166810.000000
hk00573,2018-07-13,1.380000,1.380000,1.340000,1.340000,1.380000,-0.028986,171000.000000,231480.000000
hk00573,2018-07-12,1.350000,1.380000,1.350000,1.380000,1.360000,0.014706,27000.000000,36840.000000
hk00573,2018-07-11,1.340000,1.360000,1.340000,1.360000,1.360000,0.000000,4000.000000,5400.000000
hk00573,2018-07-10,1.360000,1.380000,1.350000,1.360000,1.380000,-0.014493,33000.000000,44690.000000
hk00573,2018-07-09,1.380000,1.390000,1.370000,1.380000,1.370000,0.007299,315000.000000,434230.000000
hk00573,2018-07-06,1.350000,1.370000,1.340000,1.370000,1.330000,0.030075,346000.000000,471160.000000
hk00573,2018-07-05,1.370000,1.370000,1.330000,1.330000,1.370000,-0.029197,398000.000000,534460.000000
hk00573,2018-07-04,1.360000,1.370000,1.340000,1.370000,1.340000,0.022388,207000.000000,280440.000000
hk00573,2018-07-03,1.330000,1.370000,1.310000,1.340000,1.330000,0.007519,524000.000000,697780.000000
hk00573,2018-06-29,1.330000,1.370000,1.310000,1.330000,1.340000,-0.007463,392000.000000,522600.000000
hk00573,2018-06-28,1.350000,1.380000,1.340000,1.340000,1.360000,-0.014706,68000.000000,92100.000000
hk00573,2018-06-27,1.370000,1.370000,1.320000,1.360000,1.370000,-0.007299,679000.000000,921780.000000
hk00573,2018-06-26,1.340000,1.370000,1.320000,1.370000,1.330000,0.030075,714000.000000,960520.000000
hk00573,2018-06-25,1.330000,1.340000,1.320000,1.330000,1.330000,0.000000,591000.000000,784680.000000
hk00573,2018-06-22,1.310000,1.360000,1.310000,1.330000,1.310000,0.015267,177000.000000,233320.000000
hk00573,2018-06-21,1.340000,1.340000,1.310000,1.310000,1.340000,-0.022388,641000.000000,851330.000000
hk00573,2018-06-20,1.340000,1.340000,1.330000,1.340000,1.330000,0.007519,503000.000000,673460.000000
hk00573,2018-06-19,1.350000,1.350000,1.310000,1.330000,1.360000,-0.022059,2322000.000000,3073480.000000
hk00573,2018-06-15,1.370000,1.370000,1.350000,1.360000,1.380000,-0.014493,51000.000000,69660.000000
hk00573,2018-06-14,1.380000,1.380000,1.350000,1.380000,1.380000,0.000000,723000.000000,987320.000000
hk00573,2018-06-13,1.380000,1.380000,1.380000,1.380000,1.380000,0.000000,76000.000000,104880.000000
hk00573,2018-06-12,1.380000,1.380000,1.370000,1.380000,1.370000,0.007299,567000.000000,782320.000000
hk00573,2018-06-11,1.370000,1.380000,1.360000,1.370000,1.380000,-0.007246,2017000.000000,2763290.000000
hk00573,2018-06-08,1.380000,1.390000,1.370000,1.380000,1.380000,0.000000,168000.000000,232140.000000
hk00573,2018-06-07,1.380000,1.380000,1.360000,1.380000,1.390000,-0.007194,142000.000000,195620.000000
hk00573,2018-06-06,1.380000,1.390000,1.380000,1.390000,1.390000,0.000000,89000.000000,122850.000000
hk00573,2018-06-05,1.360000,1.390000,1.360000,1.390000,1.380000,0.007246,69000.000000,95100.000000
hk00573,2018-06-04,1.390000,1.390000,1.380000,1.380000,1.380000,0.000000,157000.000000,218150.000000
hk00573,2018-06-01,1.390000,1.390000,1.350000,1.380000,1.370000,0.007299,829000.000000,1127690.000000
hk00573,2018-05-31,1.350000,1.380000,1.350000,1.370000,1.380000,-0.007246,55000.000000,75030.000000
hk00573,2018-05-30,1.410000,1.410000,1.350000,1.380000,1.400000,-0.014286,538000.000000,739010.000000
hk00573,2018-05-29,1.410000,1.410000,1.390000,1.400000,1.400000,0.000000,500000.000000,697660.000000
hk00573,2018-05-28,1.470000,1.470000,1.440000,1.460000,1.450000,0.006897,1159000.000000,1675230.000000
hk00573,2018-05-25,1.460000,1.460000,1.430000,1.450000,1.450000,0.000000,352000.000000,507460.000000
hk00573,2018-05-24,1.460000,1.460000,1.440000,1.450000,1.460000,-0.006849,84020.000000,121620.000000
hk00573,2018-05-23,1.450000,1.470000,1.440000,1.460000,1.450000,0.006897,1153000.000000,1675400.000000
hk00573,2018-05-21,1.430000,1.450000,1.420000,1.450000,1.440000,0.006944,1041000.000000,1495050.000000
hk00573,2018-05-18,1.430000,1.480000,1.430000,1.440000,1.410000,0.021277,597000.000000,862850.000000
hk00573,2018-05-17,1.430000,1.440000,1.410000,1.410000,1.440000,-0.020833,339000.000000,482130.000000
hk00573,2018-05-16,1.410000,1.440000,1.410000,1.440000,1.420000,0.014085,227000.000000,320820.000000
hk00573,2018-05-15,1.410000,1.440000,1.410000,1.420000,1.400000,0.014286,470000.000000,665690.000000
hk00573,2018-05-14,1.410000,1.410000,1.390000,1.400000,1.400000,0.000000,1037002.000000,1452843.000000
hk00573,2018-05-11,1.410000,1.410000,1.400000,1.400000,1.410000,-0.007092,430000.000000,602580.000000
hk00573,2018-05-10,1.410000,1.410000,1.390000,1.410000,1.400000,0.007143,418000.000000,583560.000000
hk00573,2018-05-09,1.400000,1.410000,1.400000,1.400000,1.410000,-0.007092,885000.000000,1240400.000000
hk00573,2018-05-08,1.420000,1.420000,1.390000,1.410000,1.420000,-0.007042,1281000.000000,1796320.000000
hk00573,2018-05-07,1.410000,1.410000,1.410000,1.420000,1.430000,-0.006993,414000.000000,583740.000000
hk00573,2018-05-04,1.440000,1.440000,1.430000,1.430000,1.410000,0.014184,110000.000000,157310.000000
hk00573,2018-05-03,1.420000,1.420000,1.410000,1.410000,1.430000,-0.013986,87000.000000,123480.000000
hk00573,2018-05-02,1.450000,1.450000,1.420000,1.430000,1.430000,0.000000,126000.000000,180430.000000
hk00573,2018-04-30,1.420000,1.430000,1.410000,1.430000,1.420000,0.007042,66000.000000,93670.000000
hk00573,2018-04-27,1.430000,1.440000,1.420000,1.420000,1.430000,-0.006993,168000.000000,240430.000000
hk00573,2018-04-26,1.440000,1.440000,1.430000,1.430000,1.430000,0.000000,32000.000000,45940.000000
hk00573,2018-04-25,1.400000,1.430000,1.400000,1.430000,1.410000,0.014184,131000.000000,186320.000000
hk00573,2018-04-24,1.400000,1.410000,1.400000,1.410000,1.410000,0.000000,36000.000000,50750.000000
hk00573,2018-04-23,1.390000,1.410000,1.390000,1.410000,1.400000,0.007143,432000.000000,602990.000000
hk00573,2018-04-20,1.420000,1.420000,1.400000,1.400000,1.410000,-0.007092,50000.000000,70290.000000
hk00573,2018-04-19,1.420000,1.420000,1.410000,1.410000,1.410000,0.000000,496000.000000,699760.000000
hk00573,2018-04-18,1.440000,1.440000,1.400000,1.410000,1.420000,-0.007042,819000.000000,1168630.000000
hk00573,2018-04-17,1.440000,1.450000,1.420000,1.420000,1.430000,-0.006993,117000.000000,167630.000000
hk00573,2018-04-16,1.440000,1.440000,1.430000,1.430000,1.450000,-0.013793,75000.000000,107850.000000
hk00573,2018-04-13,1.440000,1.450000,1.440000,1.450000,1.450000,0.000000,60000.000000,86960.000000
hk00573,2018-04-12,1.450000,1.460000,1.440000,1.450000,1.440000,0.006944,113000.000000,163850.000000
hk00573,2018-04-11,1.450000,1.460000,1.440000,1.440000,1.450000,-0.006897,140000.000000,203040.000000
hk00573,2018-04-10,1.440000,1.460000,1.420000,1.450000,1.430000,0.013986,949000.000000,1374800.000000
hk00573,2018-04-09,1.430000,1.430000,1.420000,1.430000,1.440000,-0.006944,251000.000000,358610.000000
hk00573,2018-04-06,1.430000,1.440000,1.430000,1.440000,1.440000,0.000000,4000.000000,5750.000000
hk00573,2018-04-04,1.430000,1.460000,1.420000,1.440000,1.440000,0.000000,697000.000000,1001860.000000
hk00573,2018-04-03,1.450000,1.450000,1.430000,1.440000,1.450000,-0.006897,303000.000000,435130.000000
hk00573,2018-03-29,1.440000,1.450000,1.430000,1.450000,1.440000,0.006944,330000.000000,475300.000000
hk00573,2018-03-28,1.480000,1.480000,1.440000,1.440000,1.480000,-0.027027,185000.000000,269620.000000
hk00573,2018-03-27,1.470000,1.480000,1.460000,1.480000,1.460000,0.013699,293000.000000,431640.000000
hk00573,2018-03-26,1.440000,1.470000,1.440000,1.460000,1.440000,0.013889,1180000.000000,1717810.000000
hk00573,2018-03-23,1.460000,1.460000,1.410000,1.440000,1.500000,-0.040000,1897000.000000,2718490.000000
hk00573,2018-03-22,1.490000,1.510000,1.460000,1.500000,1.490000,0.006711,490000.000000,730720.000000
hk00573,2018-03-21,1.470000,1.490000,1.460000,1.490000,1.490000,0.000000,573000.000000,842310.000000
hk00573,2018-03-20,1.520000,1.520000,1.480000,1.490000,1.510000,-0.013245,561000.000000,846060.000000
hk00573,2018-03-19,1.500000,1.550000,1.500000,1.510000,1.510000,0.000000,843000.000000,1282490.000000
hk00573,2018-03-16,1.480000,1.520000,1.470000,1.510000,1.480000,0.020270,660000.000000,990420.000000
hk00573,2018-03-15,1.430000,1.520000,1.430000,1.480000,1.430000,0.034965,1832000.000000,2713670.000000
hk00573,2018-03-14,1.420000,1.440000,1.420000,1.430000,1.420000,0.007042,344000.000000,492700.000000
hk00573,2018-03-13,1.420000,1.420000,1.420000,1.420000,1.420000,0.000000,84000.000000,119280.000000
hk00573,2018-03-12,1.410000,1.420000,1.410000,1.420000,1.420000,0.000000,156010.000000,221425.000000
hk00573,2018-03-09,1.390000,1.420000,1.390000,1.420000,1.400000,0.014286,247000.000000,348860.000000
hk00573,2018-03-08,1.400000,1.400000,1.400000,1.400000,1.390000,0.007194,4000.000000,5600.000000
hk00573,2018-03-07,1.390000,1.400000,1.380000,1.390000,1.400000,-0.007143,386000.000000,533140.000000
hk00573,2018-03-06,1.400000,1.400000,1.400000,1.400000,1.410000,-0.007092,293000.000000,411200.000000
hk00573,2018-03-05,1.390000,1.410000,1.390000,1.410000,1.390000,0.014388,162000.000000,227920.000000
hk00573,2018-03-02,1.390000,1.400000,1.390000,1.390000,1.400000,-0.007143,92000.000000,127900.000000
hk00573,2018-03-01,1.390000,1.410000,1.390000,1.400000,1.390000,0.007194,206000.000000,288630.000000
hk00573,2018-02-28,1.400000,1.400000,1.380000,1.390000,1.400000,-0.007143,164000.000000,227500.000000
hk00573,2018-02-27,1.410000,1.420000,1.380000,1.400000,1.420000,-0.014085,391000.000000,547800.000000
hk00573,2018-02-26,1.410000,1.430000,1.400000,1.420000,1.400000,0.014286,236000.000000,333690.000000
hk00573,2018-02-23,1.400000,1.400000,1.390000,1.400000,1.390000,0.007194,65000.000000,90990.000000
hk00573,2018-02-22,1.390000,1.390000,1.380000,1.390000,1.410000,-0.014184,485000.000000,673670.000000
hk00573,2018-02-21,1.390000,1.410000,1.390000,1.410000,1.390000,0.014388,604000.000000,840400.000000
hk00573,2018-02-20,1.400000,1.410000,1.390000,1.390000,1.400000,-0.007143,450001.000000,628441.000000
hk00573,2018-02-15,1.410000,1.440000,1.390000,1.400000,1.410000,-0.007092,513000.000000,720270.000000
hk00573,2018-02-14,1.390000,1.410000,1.380000,1.410000,1.380000,0.021739,516000.000000,716460.000000
hk00573,2018-02-13,1.370000,1.390000,1.370000,1.380000,1.360000,0.014706,1232000.000000,1688750.000000
hk00573,2018-02-12,1.380000,1.390000,1.350000,1.360000,1.370000,-0.007299,599000.000000,817410.000000
hk00573,2018-02-09,1.380000,1.380000,1.330000,1.370000,1.390000,-0.014388,1595000.000000,2186020.000000
hk00573,2018-02-08,1.390000,1.400000,1.380000,1.390000,1.400000,-0.007143,342000.000000,475530.000000
hk00573,2018-02-07,1.420000,1.430000,1.400000,1.400000,1.410000,-0.007092,1525000.000000,2138580.000000
hk00573,2018-02-06,1.430000,1.430000,1.390000,1.410000,1.460000,-0.034247,1190000.000000,1671740.000000
hk00573,2018-02-05,1.470000,1.470000,1.430000,1.460000,1.480000,-0.013514,965000.000000,1401980.000000
hk00573,2018-02-02,1.470000,1.490000,1.470000,1.480000,1.470000,0.006803,502000.000000,742220.000000
hk00573,2018-02-01,1.470000,1.490000,1.470000,1.470000,1.480000,-0.006757,179000.000000,265290.000000
hk00573,2018-01-31,1.460000,1.490000,1.460000,1.480000,1.480000,0.000000,490000.000000,726270.000000
hk00573,2018-01-30,1.450000,1.500000,1.450000,1.480000,1.470000,0.006803,780000.000000,1154410.000000
hk00573,2018-01-29,1.450000,1.490000,1.450000,1.470000,1.470000,0.000000,414000.000000,609070.000000
hk00573,2018-01-26,1.440000,1.480000,1.440000,1.470000,1.450000,0.013793,1035000.000000,1520490.000000
hk00573,2018-01-25,1.450000,1.480000,1.450000,1.450000,1.450000,0.000000,523000.000000,763830.000000
hk00573,2018-01-24,1.460000,1.480000,1.450000,1.450000,1.450000,0.000000,463000.000000,680420.000000
hk00573,2018-01-23,1.470000,1.470000,1.450000,1.450000,1.470000,-0.013605,123000.000000,180040.000000
hk00573,2018-01-22,1.460000,1.470000,1.440000,1.470000,1.460000,0.006849,556000.000000,810550.000000
hk00573,2018-01-19,1.440000,1.460000,1.430000,1.460000,1.450000,0.006897,138000.000000,199750.000000
hk00573,2018-01-18,1.440000,1.450000,1.430000,1.450000,1.450000,0.000000,256000.000000,368830.000000
hk00573,2018-01-17,1.450000,1.460000,1.440000,1.450000,1.450000,0.000000,277000.000000,402030.000000
hk00573,2018-01-16,1.450000,1.470000,1.450000,1.450000,1.460000,-0.006849,226000.000000,329280.000000
hk00573,2018-01-15,1.450000,1.470000,1.450000,1.460000,1.450000,0.006897,440000.000000,640080.000000
hk00573,2018-01-12,1.450000,1.470000,1.450000,1.450000,1.450000,0.000000,269000.000000,392870.000000
hk00573,2018-01-11,1.440000,1.460000,1.440000,1.450000,1.440000,0.006944,110000.000000,159460.000000
hk00573,2018-01-10,1.450000,1.460000,1.430000,1.440000,1.450000,-0.006897,495000.000000,717110.000000
hk00573,2018-01-09,1.450000,1.470000,1.450000,1.450000,1.450000,0.000000,1001000.000000,1459140.000000
hk00573,2018-01-08,1.450000,1.460000,1.440000,1.450000,1.430000,0.013986,1133000.000000,1639300.000000
hk00573,2018-01-05,1.440000,1.450000,1.420000,1.430000,1.430000,0.000000,555000.000000,796550.000000
hk00573,2018-01-04,1.440000,1.450000,1.420000,1.430000,1.430000,0.000000,637000.000000,915030.000000
hk00573,2018-01-03,1.410000,1.440000,1.410000,1.430000,1.410000,0.014184,1615000.000000,2298810.000000
hk00573,2018-01-02,1.400000,1.410000,1.390000,1.410000,1.390000,0.014388,900000.000000,1261620.000000
hk00573,2017-12-29,1.380000,1.400000,1.380000,1.390000,1.380000,0.007246,413000.000000,573970.000000
hk00573,2017-12-28,1.380000,1.390000,1.380000,1.380000,1.380000,0.000000,177000.000000,244990.000000
hk00573,2017-12-27,1.370000,1.400000,1.360000,1.380000,1.380000,0.000000,556000.000000,763400.000000
hk00573,2017-12-22,1.370000,1.380000,1.350000,1.380000,1.340000,0.029851,442000.000000,604590.000000
hk00573,2017-12-21,1.350000,1.370000,1.340000,1.340000,1.350000,-0.007407,643000.000000,877030.000000
hk00573,2017-12-20,1.370000,1.370000,1.330000,1.350000,1.370000,-0.014599,386000.000000,517460.000000
hk00573,2017-12-19,1.350000,1.380000,1.350000,1.370000,1.360000,0.007353,163000.000000,222270.000000
hk00573,2017-12-18,1.360000,1.380000,1.350000,1.360000,1.380000,-0.014493,337000.000000,458560.000000
hk00573,2017-12-15,1.360000,1.390000,1.360000,1.380000,1.360000,0.014706,372000.000000,509790.000000
hk00573,2017-12-14,1.350000,1.370000,1.330000,1.360000,1.340000,0.014925,244000.000000,328030.000000
hk00573,2017-12-13,1.360000,1.360000,1.340000,1.340000,1.360000,-0.014706,379000.000000,512820.000000
hk00573,2017-12-12,1.380000,1.380000,1.360000,1.360000,1.370000,-0.007299,243000.000000,332740.000000
hk00573,2017-12-11,1.350000,1.380000,1.350000,1.370000,1.350000,0.014815,510000.000000,695990.000000
hk00573,2017-12-08,1.330000,1.350000,1.330000,1.350000,1.320000,0.022727,449000.000000,604350.000000
hk00573,2017-12-07,1.300000,1.340000,1.300000,1.320000,1.300000,0.015385,1969000.000000,2591760.000000
hk00573,2017-12-06,1.300000,1.340000,1.300000,1.300000,1.300000,0.000000,653000.000000,860500.000000
hk00573,2017-12-05,1.320000,1.330000,1.300000,1.300000,1.330000,-0.022556,1874200.000000,2450548.000000
hk00573,2017-12-04,1.320000,1.340000,1.320000,1.330000,1.320000,0.007576,312000.000000,414050.000000
hk00573,2017-12-01,1.320000,1.330000,1.310000,1.320000,1.330000,-0.007519,490000.000000,649020.000000
hk00573,2017-11-30,1.300000,1.330000,1.300000,1.330000,1.310000,0.015267,447000.000000,591120.000000
hk00573,2017-11-29,1.310000,1.320000,1.300000,1.310000,1.300000,0.007692,483000.000000,632230.000000
hk00573,2017-11-28,1.310000,1.310000,1.280000,1.300000,1.320000,-0.015152,2569000.000000,3335580.000000
hk00573,2017-11-27,1.350000,1.350000,1.310000,1.320000,1.340000,-0.014925,1822000.000000,2393690.000000
hk00573,2017-11-24,1.350000,1.350000,1.340000,1.340000,1.350000,-0.007407,293000.000000,393130.000000
hk00573,2017-11-23,1.350000,1.360000,1.340000,1.350000,1.350000,0.000000,200000.000000,269230.000000
hk00573,2017-11-22,1.350000,1.350000,1.350000,1.350000,1.350000,0.000000,394000.000000,531790.000000
hk00573,2017-11-21,1.340000,1.360000,1.340000,1.350000,1.340000,0.007463,150000.000000,202380.000000
hk00573,2017-11-20,1.350000,1.360000,1.340000,1.340000,1.340000,0.000000,213000.000000,288680.000000
hk00573,2017-11-17,1.360000,1.360000,1.330000,1.340000,1.360000,-0.014706,1501000.000000,2019540.000000
hk00573,2017-11-16,1.370000,1.380000,1.360000,1.360000,1.370000,-0.007299,633000.000000,863810.000000
hk00573,2017-11-15,1.380000,1.380000,1.360000,1.370000,1.380000,-0.007246,1121000.000000,1536020.000000
hk00573,2017-11-14,1.390000,1.390000,1.380000,1.380000,1.390000,-0.007194,676000.000000,934300.000000
hk00573,2017-11-13,1.400000,1.400000,1.390000,1.390000,1.400000,-0.007143,950000.000000,1327120.000000
hk00573,2017-11-10,1.400000,1.410000,1.390000,1.400000,1.400000,0.000000,395000.000000,553010.000000
hk00573,2017-11-09,1.400000,1.410000,1.400000,1.400000,1.400000,0.000000,721000.000000,1009920.000000
hk00573,2017-11-08,1.400000,1.400000,1.400000,1.400000,1.390000,0.007194,244000.000000,341600.000000
hk00573,2017-11-07,1.400000,1.420000,1.390000,1.390000,1.390000,0.000000,658000.000000,917800.000000
hk00573,2017-11-06,1.430000,1.440000,1.390000,1.390000,1.430000,-0.027972,1673000.000000,2346220.000000
hk00573,2017-11-03,1.440000,1.450000,1.420000,1.430000,1.440000,-0.006944,161000.000000,230670.000000
hk00573,2017-11-02,1.440000,1.450000,1.430000,1.440000,1.440000,0.000000,39000.000000,56060.000000
hk00573,2017-11-01,1.450000,1.450000,1.440000,1.440000,1.440000,0.000000,140000.000000,202120.000000
hk00573,2017-10-31,1.440000,1.450000,1.440000,1.440000,1.450000,-0.006897,5000.000000,7220.000000
hk00573,2017-10-30,1.450000,1.460000,1.440000,1.450000,1.450000,0.000000,398000.000000,576170.000000
hk00573,2017-10-27,1.450000,1.450000,1.440000,1.450000,1.440000,0.006944,403000.000000,582030.000000
hk00573,2017-10-26,1.460000,1.460000,1.440000,1.440000,1.460000,-0.013699,485000.000000,703470.000000
hk00573,2017-10-25,1.460000,1.460000,1.460000,1.460000,1.460000,0.000000,184000.000000,268640.000000
hk00573,2017-10-24,1.450000,1.480000,1.450000,1.460000,1.460000,0.000000,3316000.000000,4847500.000000
hk00573,2017-10-23,1.460000,1.470000,1.440000,1.460000,1.460000,0.000000,538000.000000,783300.000000
hk00573,2017-10-20,1.450000,1.460000,1.450000,1.460000,1.450000,0.006897,1497000.000000,2179960.000000
hk00573,2017-10-19,1.460000,1.470000,1.450000,1.450000,1.460000,-0.006849,2251000.000000,3284470.000000
hk00573,2017-10-18,1.450000,1.460000,1.450000,1.460000,1.470000,-0.006803,122000.000000,177730.000000
hk00573,2017-10-17,1.460000,1.490000,1.460000,1.470000,1.460000,0.006849,3150000.000000,4645290.000000
hk00573,2017-10-16,1.470000,1.470000,1.450000,1.460000,1.460000,0.000000,1276000.000000,1858390.000000
hk00573,2017-10-13,1.460000,1.460000,1.450000,1.460000,1.460000,0.000000,1038000.000000,1507740.000000
hk00573,2017-10-12,1.460000,1.470000,1.460000,1.460000,1.460000,0.000000,484000.000000,706710.000000
hk00573,2017-10-11,1.470000,1.470000,1.460000,1.460000,1.460000,0.000000,285000.000000,417310.000000
hk00573,2017-10-10,1.460000,1.470000,1.450000,1.460000,1.460000,0.000000,688000.000000,1002480.000000
hk00573,2017-10-09,1.460000,1.480000,1.450000,1.460000,1.460000,0.000000,988000.000000,1443650.000000
hk00573,2017-10-06,1.460000,1.480000,1.450000,1.460000,1.460000,0.000000,645000.000000,943500.000000
hk00573,2017-10-04,1.430000,1.480000,1.430000,1.460000,1.430000,0.020979,2971000.000000,4318120.000000
hk00573,2017-10-03,1.420000,1.450000,1.420000,1.430000,1.420000,0.007042,965000.000000,1383750.000000
hk00573,2017-09-29,1.390000,1.430000,1.370000,1.420000,1.400000,0.014286,1805000.000000,2532670.000000
hk00573,2017-09-28,1.410000,1.410000,1.390000,1.400000,1.395000,0.003584,733000.000000,1025020.000000
hk00573,2017-09-27,1.440000,1.460000,1.440000,1.450000,1.440000,0.006944,1386000.000000,2000480.000000
hk00573,2017-09-26,1.440000,1.450000,1.440000,1.440000,1.440000,0.000000,887000.000000,1279950.000000
hk00573,2017-09-25,1.430000,1.440000,1.430000,1.440000,1.440000,0.000000,1574000.000000,2264760.000000
hk00573,2017-09-22,1.440000,1.440000,1.430000,1.440000,1.440000,0.000000,429000.000000,617590.000000
hk00573,2017-09-21,1.440000,1.450000,1.430000,1.440000,1.440000,0.000000,716000.000000,1029680.000000
hk00573,2017-09-20,1.430000,1.450000,1.430000,1.440000,1.440000,0.000000,456000.000000,655810.000000
hk00573,2017-09-19,1.440000,1.440000,1.430000,1.440000,1.440000,0.000000,275000.000000,394970.000000
hk00573,2017-09-18,1.420000,1.440000,1.420000,1.440000,1.420000,0.014085,1422000.000000,2027720.000000
hk00573,2017-09-15,1.430000,1.430000,1.400000,1.420000,1.430000,-0.006993,297000.000000,421610.000000
hk00573,2017-09-14,1.410000,1.440000,1.410000,1.430000,1.410000,0.014184,1119000.000000,1583270.000000
hk00573,2017-09-13,1.420000,1.430000,1.390000,1.410000,1.420000,-0.007042,2367000.000000,3322750.000000
hk00573,2017-09-12,1.440000,1.450000,1.420000,1.420000,1.430000,-0.006993,1249000.000000,1782110.000000
hk00573,2017-09-11,1.440000,1.450000,1.430000,1.430000,1.430000,0.000000,1026000.000000,1475530.000000
hk00573,2017-09-08,1.420000,1.440000,1.420000,1.430000,1.430000,0.000000,756000.000000,1082390.000000
hk00573,2017-09-07,1.430000,1.450000,1.420000,1.430000,1.420000,0.007042,639000.000000,914060.000000
hk00573,2017-09-06,1.430000,1.450000,1.420000,1.420000,1.440000,-0.013889,828000.000000,1178290.000000
hk00573,2017-09-05,1.440000,1.450000,1.440000,1.440000,1.440000,0.000000,772000.000000,1112830.000000
hk00573,2017-09-04,1.450000,1.450000,1.430000,1.440000,1.450000,-0.006897,874000.000000,1254800.000000
hk00573,2017-09-01,1.450000,1.460000,1.440000,1.450000,1.450000,0.000000,681000.000000,986185.000000
hk00573,2017-08-31,1.440000,1.460000,1.440000,1.450000,1.430000,0.013986,1372000.000000,1987310.000000
hk00573,2017-08-30,1.400000,1.430000,1.400000,1.430000,1.400000,0.021429,861000.000000,1217300.000000
hk00573,2017-08-29,1.400000,1.420000,1.380000,1.400000,1.380000,0.014493,3115400.000000,4348738.000000
hk00573,2017-08-28,1.430000,1.430000,1.380000,1.380000,1.410000,-0.021277,4500000.000000,6315810.000000
hk00573,2017-08-25,1.520000,1.520000,1.400000,1.410000,1.500000,-0.060000,14744000.000000,21124040.000000
hk00573,2017-08-24,1.510000,1.510000,1.490000,1.500000,1.510000,-0.006623,568000.000000,851560.000000
hk00573,2017-08-22,1.500000,1.510000,1.490000,1.510000,1.510000,0.000000,2284000.000000,3443010.000000
hk00573,2017-08-21,1.510000,1.510000,1.490000,1.510000,1.510000,0.000000,825000.000000,1238660.000000
hk00573,2017-08-18,1.530000,1.540000,1.510000,1.510000,1.540000,-0.019481,1054000.000000,1603420.000000
hk00573,2017-08-17,1.550000,1.550000,1.540000,1.540000,1.550000,-0.006452,747000.000000,1157650.000000
hk00573,2017-08-16,1.550000,1.550000,1.540000,1.550000,1.550000,0.000000,360000.000000,557970.000000
hk00573,2017-08-15,1.550000,1.550000,1.540000,1.550000,1.550000,0.000000,256000.000000,396610.000000
hk00573,2017-08-14,1.550000,1.550000,1.530000,1.550000,1.550000,0.000000,725000.000000,1117730.000000
hk00573,2017-08-11,1.570000,1.570000,1.530000,1.550000,1.590000,-0.025157,1436000.000000,2218920.000000
hk00573,2017-08-10,1.600000,1.600000,1.580000,1.590000,1.600000,-0.006250,1120000.000000,1777280.000000
hk00573,2017-08-09,1.600000,1.610000,1.600000,1.600000,1.600000,0.000000,297000.000000,475370.000000
hk00573,2017-08-08,1.610000,1.610000,1.590000,1.600000,1.610000,-0.006211,1009000.000000,1616560.000000
hk00573,2017-08-07,1.620000,1.630000,1.600000,1.610000,1.610000,0.000000,1211010.000000,1950796.000000
hk00573,2017-08-04,1.610000,1.620000,1.600000,1.610000,1.600000,0.006250,422000.000000,680000.000000
hk00573,2017-08-03,1.630000,1.630000,1.600000,1.600000,1.610000,-0.006211,599000.000000,962880.000000
hk00573,2017-08-02,1.630000,1.630000,1.600000,1.610000,1.620000,-0.006173,656000.000000,1054570.000000
hk00573,2017-08-01,1.610000,1.620000,1.600000,1.620000,1.620000,0.000000,1561055.000000,2510272.000000
hk00573,2017-07-31,1.640000,1.640000,1.610000,1.620000,1.650000,-0.018182,1555000.000000,2517970.000000
hk00573,2017-07-28,1.630000,1.650000,1.630000,1.650000,1.640000,0.006098,374000.000000,613260.000000
hk00573,2017-07-27,1.630000,1.640000,1.620000,1.640000,1.630000,0.006135,783000.000000,1280640.000000
hk00573,2017-07-26,1.660000,1.660000,1.620000,1.630000,1.660000,-0.018072,924000.000000,1511030.000000
hk00573,2017-07-25,1.640000,1.690000,1.620000,1.660000,1.640000,0.012195,1150000.000000,1903410.000000
hk00573,2017-07-24,1.700000,1.710000,1.610000,1.640000,1.680000,-0.023810,6744000.000000,11152040.000000
hk00573,2017-07-21,1.670000,1.690000,1.660000,1.680000,1.670000,0.005988,621000.000000,1038040.000000
hk00573,2017-07-20,1.690000,1.700000,1.670000,1.670000,1.670000,0.000000,2383000.000000,4006390.000000
hk00573,2017-07-19,1.760000,1.760000,1.660000,1.670000,1.760000,-0.051136,4728000.000000,7951480.000000
hk00573,2017-07-18,1.830000,1.830000,1.740000,1.760000,1.970000,-0.106599,6192000.000000,10952570.000000
hk00573,2017-07-17,1.990000,1.990000,1.970000,1.970000,1.950000,0.010256,269000.000000,532880.000000
hk00573,2017-07-14,1.940000,1.960000,1.930000,1.950000,1.950000,0.000000,466000.000000,905810.000000
hk00573,2017-07-13,1.960000,1.960000,1.950000,1.950000,1.960000,-0.005102,540000.000000,1054360.000000
hk00573,2017-07-12,1.940000,1.960000,1.940000,1.960000,1.940000,0.010309,131000.000000,256300.000000
hk00573,2017-07-11,1.980000,1.980000,1.900000,1.940000,1.970000,-0.015228,688000.000000,1339430.000000
hk00573,2017-07-10,1.980000,1.990000,1.970000,1.970000,1.970000,0.000000,323000.000000,640540.000000
hk00573,2017-07-07,1.960000,1.990000,1.960000,1.970000,1.950000,0.010256,633000.000000,1252700.000000
hk00573,2017-07-06,1.940000,1.970000,1.940000,1.950000,1.940000,0.005155,232000.000000,454460.000000
hk00573,2017-07-05,1.920000,1.960000,1.910000,1.940000,1.940000,0.000000,359000.000000,698920.000000
hk00573,2017-07-04,1.960000,1.970000,1.920000,1.940000,1.960000,-0.010204,828000.000000,1616490.000000
hk00573,2017-07-03,1.960000,1.960000,1.950000,1.960000,1.950000,0.005128,64000.000000,125090.000000
hk00573,2017-06-30,0.000000,0.000000,0.000000,1.950000,1.950000,0.000000,0.000000,0.000000
hk00573,2017-06-29,1.920000,1.950000,1.920000,1.950000,1.940000,0.005155,163000.000000,316650.000000
hk00573,2017-06-28,1.950000,1.950000,1.930000,1.940000,1.950000,-0.005128,196000.000000,379880.000000
hk00573,2017-06-27,1.970000,1.990000,1.950000,1.950000,1.970000,-0.010152,443000.000000,870730.000000
hk00573,2017-06-26,1.960000,1.980000,1.960000,1.970000,1.960000,0.005102,973000.000000,1917910.000000
hk00573,2017-06-23,1.940000,1.960000,1.930000,1.960000,1.920000,0.020833,954000.000000,1865730.000000
hk00573,2017-06-22,1.910000,1.950000,1.900000,1.920000,1.920000,0.000000,430002.000000,829814.000000
hk00573,2017-06-21,1.910000,1.950000,1.910000,1.920000,1.920000,0.000000,386000.000000,746620.000000
hk00573,2017-06-20,1.910000,1.940000,1.890000,1.920000,1.890000,0.015873,1093000.000000,2092800.000000
hk00573,2017-06-19,1.920000,1.940000,1.880000,1.890000,1.910000,-0.010471,517000.000000,987120.000000
hk00573,2017-06-16,1.920000,1.930000,1.900000,1.910000,1.900000,0.005263,325000.000000,622160.000000
hk00573,2017-06-15,1.880000,1.920000,1.860000,1.900000,1.880000,0.010638,267988.000000,507721.000000
hk00573,2017-06-14,1.920000,1.920000,1.880000,1.880000,1.920000,-0.020833,1633100.000000,3107393.000000
hk00573,2017-06-13,1.940000,1.950000,1.920000,1.920000,1.930000,-0.005181,398000.000000,768720.000000
hk00573,2017-06-12,1.950000,1.960000,1.930000,1.930000,1.960000,-0.015306,1005000.000000,1949740.000000
hk00573,2017-06-09,2.000000,2.020000,1.960000,1.960000,1.990000,-0.015075,496000.000000,979440.000000
hk00573,2017-06-08,1.990000,2.000000,1.960000,1.990000,1.970000,0.010152,317000.000000,628450.000000
hk00573,2017-06-07,2.020000,2.020000,1.960000,1.970000,2.020000,-0.024752,1450000.000000,2865570.000000
hk00573,2017-06-06,2.020000,2.040000,2.010000,2.020000,2.020000,0.000000,350000.000000,704810.000000
hk00573,2017-06-05,2.020000,2.040000,2.020000,2.020000,2.020000,0.000000,207000.000000,419220.000000
hk00573,2017-06-02,2.020000,2.030000,2.010000,2.020000,2.020000,0.000000,234000.000000,473310.000000
hk00573,2017-06-01,2.050000,2.070000,2.020000,2.020000,2.060000,-0.019417,313000.000000,637240.000000
hk00573,2017-05-31,2.070000,2.070000,2.050000,2.060000,2.080000,-0.009615,448000.000000,922190.000000
hk00573,2017-05-29,2.150000,2.150000,2.060000,2.080000,2.100000,-0.009524,318000.000000,663650.000000
hk00573,2017-05-26,2.220000,2.230000,2.160000,2.200000,2.210000,-0.004525,978000.000000,2148250.000000
hk00573,2017-05-25,2.170000,2.230000,2.150000,2.210000,2.170000,0.018433,921000.000000,2020950.000000
hk00573,2017-05-24,2.160000,2.180000,2.160000,2.170000,2.160000,0.004630,191000.000000,414340.000000
hk00573,2017-05-23,2.160000,2.170000,2.160000,2.160000,2.150000,0.004651,170000.000000,367720.000000
hk00573,2017-05-22,2.140000,2.160000,2.140000,2.150000,2.140000,0.004673,224200.000000,481872.000000
hk00573,2017-05-19,2.150000,2.170000,2.140000,2.140000,2.140000,0.000000,203000.000000,437770.000000
hk00573,2017-05-18,2.140000,2.160000,2.120000,2.140000,2.140000,0.000000,251000.000000,536260.000000
hk00573,2017-05-17,2.160000,2.170000,2.140000,2.140000,2.170000,-0.013825,330000.000000,708630.000000
hk00573,2017-05-16,2.150000,2.170000,2.150000,2.170000,2.150000,0.009302,121000.000000,261080.000000
hk00573,2017-05-15,2.130000,2.180000,2.130000,2.150000,2.150000,0.000000,231000.000000,498320.000000
hk00573,2017-05-12,2.140000,2.160000,2.130000,2.150000,2.150000,0.000000,160000.000000,343320.000000
hk00573,2017-05-11,2.130000,2.160000,2.130000,2.150000,2.140000,0.004673,131000.000000,280120.000000
hk00573,2017-05-10,2.140000,2.140000,2.130000,2.140000,2.140000,0.000000,139000.000000,297210.000000
hk00573,2017-05-09,2.140000,2.150000,2.130000,2.140000,2.150000,-0.004651,206000.000000,440340.000000
hk00573,2017-05-08,2.140000,2.160000,2.130000,2.150000,2.140000,0.004673,305000.000000,654140.000000
hk00573,2017-05-05,2.130000,2.150000,2.130000,2.140000,2.130000,0.004695,250000.000000,535370.000000
hk00573,2017-05-04,2.120000,2.150000,2.120000,2.130000,2.140000,-0.004673,165000.000000,353180.000000
hk00573,2017-05-02,2.130000,2.150000,2.130000,2.140000,2.130000,0.004695,354000.000000,757100.000000
hk00573,2017-04-28,2.120000,2.130000,2.120000,2.130000,2.120000,0.004717,117000.000000,248250.000000
hk00573,2017-04-27,2.130000,2.140000,2.110000,2.120000,2.130000,-0.004695,301000.000000,639560.000000
hk00573,2017-04-26,2.150000,2.150000,2.110000,2.130000,2.150000,-0.009302,509000.000000,1082130.000000
hk00573,2017-04-25,2.150000,2.160000,2.150000,2.150000,2.150000,0.000000,181000.000000,390160.000000
hk00573,2017-04-24,2.160000,2.160000,2.140000,2.150000,2.150000,0.000000,203000.000000,436700.000000
hk00573,2017-04-21,2.150000,2.150000,2.130000,2.150000,2.150000,0.000000,1168000.000000,2505365.000000
hk00573,2017-04-20,2.140000,2.150000,2.140000,2.150000,2.140000,0.004673,3774000.000000,8094830.000000
hk00573,2017-04-19,2.130000,2.160000,2.130000,2.140000,2.160000,-0.009259,6118000.000000,13111525.000000
hk00573,2017-04-18,2.150000,2.160000,2.130000,2.160000,2.160000,0.000000,559000.000000,1202550.000000
hk00573,2017-04-13,2.150000,2.160000,2.150000,2.160000,2.160000,0.000000,96000.000000,206850.000000
hk00573,2017-04-12,2.150000,2.160000,2.150000,2.160000,2.150000,0.004651,430000.000000,924600.000000
hk00573,2017-04-11,2.160000,2.160000,2.140000,2.150000,2.160000,-0.004630,989000.000000,2118450.000000
hk00573,2017-04-10,2.210000,2.210000,2.150000,2.160000,2.200000,-0.018182,1172000.000000,2529070.000000
hk00573,2017-04-07,2.190000,2.200000,2.160000,2.200000,2.180000,0.009174,552000.000000,1201460.000000
hk00573,2017-04-06,2.190000,2.200000,2.130000,2.180000,2.190000,-0.004566,1915000.000000,4124540.000000
hk00573,2017-04-05,2.200000,2.240000,2.160000,2.190000,2.190000,0.000000,1329000.000000,2917200.000000
hk00573,2017-04-03,2.260000,2.260000,2.140000,2.190000,2.250000,-0.026667,4732000.000000,10358850.000000
hk00573,2017-03-31,2.400000,2.430000,2.210000,2.250000,2.370000,-0.050633,2729000.000000,6211010.000000
hk00573,2017-03-30,2.350000,2.410000,2.350000,2.370000,2.350000,0.008511,1016000.000000,2413590.000000
hk00573,2017-03-29,2.250000,2.400000,2.250000,2.350000,2.240000,0.049107,1194000.000000,2798250.000000
hk00573,2017-03-28,2.250000,2.260000,2.240000,2.240000,2.250000,-0.004444,272000.000000,611780.000000
hk00573,2017-03-27,2.250000,2.250000,2.250000,2.250000,2.250000,0.000000,190000.000000,427500.000000
hk00573,2017-03-24,2.270000,2.270000,2.230000,2.250000,2.270000,-0.008811,395000.000000,887620.000000
hk00573,2017-03-23,2.260000,2.280000,2.260000,2.270000,2.260000,0.004425,126000.000000,285980.000000
hk00573,2017-03-22,2.250000,2.280000,2.250000,2.260000,2.280000,-0.008772,317000.000000,716760.000000
hk00573,2017-03-21,2.210000,2.280000,2.170000,2.280000,2.200000,0.036364,1060000.000000,2378470.000000
hk00573,2017-03-20,2.190000,2.210000,2.190000,2.200000,2.210000,-0.004525,65000.000000,143070.000000
hk00573,2017-03-17,2.200000,2.210000,2.190000,2.210000,2.200000,0.004545,190000.000000,418840.000000
hk00573,2017-03-16,2.170000,2.230000,2.160000,2.200000,2.170000,0.013825,1344844.000000,2945253.000000
hk00573,2017-03-15,2.160000,2.170000,2.160000,2.170000,2.180000,-0.004587,80000.000000,172820.000000
hk00573,2017-03-14,2.160000,2.180000,2.140000,2.180000,2.160000,0.009259,155000.000000,334880.000000
hk00573,2017-03-13,2.170000,2.200000,2.140000,2.160000,2.160000,0.000000,535000.000000,1151940.000000
hk00573,2017-03-10,2.160000,2.170000,2.150000,2.160000,2.170000,-0.004608,251000.000000,542000.000000
hk00573,2017-03-09,2.220000,2.220000,2.160000,2.170000,2.220000,-0.022523,210000.000000,457120.000000
hk00573,2017-03-08,2.240000,2.240000,2.200000,2.220000,2.230000,-0.004484,55000.000000,121880.000000
hk00573,2017-03-07,2.200000,2.260000,2.180000,2.230000,2.210000,0.009050,893000.000000,1975730.000000
hk00573,2017-03-06,2.160000,2.220000,2.150000,2.210000,2.160000,0.023148,682000.000000,1492750.000000
hk00573,2017-03-03,2.120000,2.160000,2.100000,2.160000,2.110000,0.023697,704000.000000,1500020.000000
hk00573,2017-03-02,2.150000,2.170000,2.100000,2.110000,2.150000,-0.018605,453000.000000,963520.000000
hk00573,2017-03-01,2.140000,2.160000,2.130000,2.150000,2.130000,0.009390,202000.000000,433120.000000
hk00573,2017-02-28,2.160000,2.160000,2.130000,2.130000,2.170000,-0.018433,322000.000000,690560.000000
hk00573,2017-02-27,2.160000,2.210000,2.140000,2.170000,2.170000,0.000000,125000.000000,270960.000000
hk00573,2017-02-24,2.200000,2.200000,2.170000,2.170000,2.200000,-0.013636,250000.000000,546770.000000
hk00573,2017-02-23,2.140000,2.220000,2.140000,2.200000,2.140000,0.028037,1509000.000000,3291790.000000
hk00573,2017-02-22,2.110000,2.150000,2.110000,2.140000,2.100000,0.019048,466000.000000,989230.000000
hk00573,2017-02-21,2.090000,2.100000,2.080000,2.100000,2.100000,0.000000,339000.000000,709750.000000
hk00573,2017-02-20,2.070000,2.110000,2.070000,2.100000,2.110000,-0.004739,471000.000000,991240.000000
hk00573,2017-02-17,2.120000,2.120000,2.080000,2.110000,2.120000,-0.004717,769000.000000,1617760.000000
hk00573,2017-02-16,2.130000,2.130000,2.100000,2.120000,2.130000,-0.004695,54000.000000,114580.000000
hk00573,2017-02-15,2.130000,2.150000,2.120000,2.130000,2.120000,0.004717,255000.000000,543700.000000
hk00573,2017-02-14,2.100000,2.120000,2.090000,2.120000,2.090000,0.014354,325000.000000,683000.000000
hk00573,2017-02-13,2.100000,2.100000,2.080000,2.090000,2.100000,-0.004762,311000.000000,651420.000000
hk00573,2017-02-10,2.100000,2.140000,2.090000,2.100000,2.120000,-0.009434,373000.000000,784740.000000
hk00573,2017-02-09,2.100000,2.130000,2.050000,2.120000,2.100000,0.009524,254000.000000,533400.000000
hk00573,2017-02-08,2.100000,2.110000,2.090000,2.100000,2.100000,0.000000,353000.000000,739160.000000
hk00573,2017-02-07,2.090000,2.120000,2.080000,2.100000,2.110000,-0.004739,508000.000000,1062140.000000
hk00573,2017-02-06,2.070000,2.130000,2.060000,2.110000,2.080000,0.014423,337000.000000,706980.000000
hk00573,2017-02-03,2.070000,2.090000,2.070000,2.080000,2.080000,0.000000,358000.000000,746820.000000
hk00573,2017-02-02,2.080000,2.090000,2.080000,2.080000,2.080000,0.000000,457000.000000,951240.000000
hk00573,2017-02-01,2.040000,2.090000,2.040000,2.080000,2.060000,0.009709,383000.000000,796810.000000
hk00573,2017-01-27,2.040000,2.060000,2.040000,2.060000,2.040000,0.009804,231000.000000,474900.000000
hk00573,2017-01-26,2.050000,2.050000,2.030000,2.040000,2.030000,0.004926,1217000.000000,2476890.000000
hk00573,2017-01-25,2.100000,2.100000,2.030000,2.030000,2.070000,-0.019324,469000.000000,957220.000000
hk00573,2017-01-23,2.060000,2.060000,2.030000,2.030000,2.060000,-0.014563,81000.000000,165840.000000
hk00573,2017-01-20,2.050000,2.080000,2.050000,2.060000,2.050000,0.004878,209000.000000,430790.000000
hk00573,2017-01-19,1.970000,2.060000,1.940000,2.050000,1.980000,0.035354,1028000.000000,2090310.000000
hk00573,2017-01-17,1.940000,1.950000,1.920000,1.930000,1.940000,-0.005155,788000.000000,1527460.000000
hk00573,2017-01-16,1.930000,1.970000,1.930000,1.940000,1.940000,0.000000,75000.000000,146310.000000
hk00573,2017-01-13,1.960000,1.960000,1.930000,1.940000,1.970000,-0.015228,193000.000000,376130.000000
hk00573,2017-01-12,1.960000,1.990000,1.950000,1.970000,1.970000,0.000000,122000.000000,239960.000000
hk00573,2017-01-11,1.970000,2.010000,1.970000,1.970000,1.970000,0.000000,274000.000000,546800.000000
hk00573,2017-01-10,1.940000,2.000000,1.930000,1.970000,1.940000,0.015464,437000.000000,852590.000000
hk00573,2017-01-09,1.910000,1.950000,1.900000,1.940000,1.920000,0.010417,987000.000000,1898370.000000
hk00573,2017-01-06,1.910000,1.940000,1.910000,1.920000,1.920000,0.000000,161000.000000,310260.000000
hk00573,2017-01-05,1.910000,1.960000,1.900000,1.920000,1.920000,0.000000,564000.000000,1082270.000000
hk00573,2017-01-04,1.900000,1.940000,1.900000,1.920000,1.910000,0.005236,393000.000000,752770.000000
hk00573,2017-01-03,1.940000,1.950000,1.900000,1.910000,1.940000,-0.015464,177000.000000,339800.000000
hk00573,2016-12-30,1.930000,1.960000,1.920000,1.940000,1.910000,0.015707,455000.000000,879660.000000
hk00573,2016-12-29,1.970000,1.970000,1.890000,1.910000,1.930000,-0.010363,392000.000000,751990.000000
hk00573,2016-12-28,1.940000,1.970000,1.910000,1.930000,1.930000,0.000000,157000.000000,304130.000000
hk00573,2016-12-23,1.920000,1.980000,1.920000,1.930000,1.930000,0.000000,287000.000000,559000.000000
hk00573,2016-12-22,1.930000,1.940000,1.920000,1.930000,1.940000,-0.005155,256000.000000,495120.000000
hk00573,2016-12-21,1.940000,1.970000,1.920000,1.940000,1.950000,-0.005128,234000.000000,455380.000000
hk00573,2016-12-20,1.940000,1.970000,1.920000,1.950000,1.950000,0.000000,236000.000000,456270.000000
hk00573,2016-12-19,1.950000,1.960000,1.930000,1.950000,1.960000,-0.005102,178000.000000,347860.000000
hk00573,2016-12-16,1.910000,1.980000,1.910000,1.960000,1.920000,0.020833,600000.000000,1169070.000000
hk00573,2016-12-15,2.020000,2.020000,1.910000,1.920000,2.020000,-0.049505,1354000.000000,2667590.000000
hk00573,2016-12-14,2.030000,2.040000,2.020000,2.020000,2.030000,-0.004926,79000.000000,160510.000000
hk00573,2016-12-13,2.020000,2.030000,2.020000,2.030000,2.020000,0.004950,36000.000000,72820.000000
hk00573,2016-12-12,2.050000,2.090000,2.020000,2.020000,2.060000,-0.019417,598000.000000,1219230.000000
hk00573,2016-12-09,2.060000,2.080000,2.050000,2.060000,2.070000,-0.004831,393000.000000,815620.000000
hk00573,2016-12-08,2.070000,2.080000,2.040000,2.070000,2.080000,-0.004808,790000.000000,1626770.000000
hk00573,2016-12-07,2.090000,2.090000,2.070000,2.080000,2.080000,0.000000,336000.000000,699580.000000
hk00573,2016-12-06,2.100000,2.120000,2.070000,2.080000,2.090000,-0.004785,1100000.000000,2298560.000000
hk00573,2016-12-05,2.080000,2.090000,2.080000,2.090000,2.080000,0.004808,357000.000000,745730.000000
hk00573,2016-12-02,2.090000,2.090000,2.060000,2.080000,2.100000,-0.009524,131000.000000,271230.000000
hk00573,2016-12-01,2.130000,2.130000,2.100000,2.100000,2.130000,-0.014085,300000.000000,634370.000000
hk00573,2016-11-30,2.020000,2.130000,2.020000,2.130000,2.010000,0.059701,1049000.000000,2198710.000000
hk00573,2016-11-29,2.000000,2.020000,1.990000,2.010000,2.020000,-0.004950,472000.000000,950580.000000
hk00573,2016-11-28,2.020000,2.020000,2.010000,2.020000,2.000000,0.010000,323000.000000,651550.000000
hk00573,2016-11-25,2.030000,2.030000,2.000000,2.000000,2.010000,-0.004975,3382000.000000,6793730.000000
hk00573,2016-11-24,2.040000,2.040000,2.010000,2.010000,2.050000,-0.019512,1023000.000000,2071740.000000
hk00573,2016-11-18,2.120000,2.160000,2.120000,2.130000,2.110000,0.009479,191000.000000,407580.000000
hk00573,2016-11-17,2.090000,2.110000,2.090000,2.110000,2.090000,0.009569,242000.000000,507780.000000
hk00573,2016-11-16,2.080000,2.090000,2.000000,2.090000,2.090000,0.000000,302000.000000,628580.000000
hk00573,2016-11-15,2.070000,2.090000,2.070000,2.090000,2.070000,0.009662,1014000.000000,2113770.000000
hk00573,2016-11-14,2.070000,2.080000,2.050000,2.070000,2.070000,0.000000,456000.000000,942500.000000
hk00573,2016-11-11,2.110000,2.110000,2.070000,2.070000,2.100000,-0.014286,131000.000000,274870.000000
hk00573,2016-11-10,2.120000,2.120000,2.090000,2.100000,2.080000,0.009615,601000.000000,1262990.000000
hk00573,2016-11-09,2.120000,2.120000,2.020000,2.080000,2.130000,-0.023474,597000.000000,1238620.000000
hk00573,2016-11-08,2.100000,2.150000,2.100000,2.130000,2.100000,0.014286,118000.000000,251730.000000
hk00573,2016-11-07,2.100000,2.130000,2.090000,2.100000,2.100000,0.000000,171000.000000,361080.000000
hk00573,2016-11-04,2.090000,2.130000,2.060000,2.100000,2.080000,0.009615,463000.000000,962480.000000
hk00573,2016-11-03,2.150000,2.150000,2.060000,2.080000,2.140000,-0.028037,661000.000000,1378290.000000
hk00573,2016-11-02,2.150000,2.190000,2.120000,2.140000,2.150000,-0.004651,406000.000000,864520.000000
hk00573,2016-11-01,2.170000,2.190000,2.140000,2.150000,2.170000,-0.009217,453000.000000,978820.000000
hk00573,2016-10-31,2.170000,2.200000,2.130000,2.170000,2.180000,-0.004587,276000.000000,598830.000000
hk00573,2016-10-28,2.210000,2.210000,2.170000,2.180000,2.220000,-0.018018,195000.000000,426640.000000
hk00573,2016-10-27,2.180000,2.220000,2.160000,2.220000,2.200000,0.009091,243000.000000,531080.000000
hk00573,2016-10-26,2.230000,2.230000,2.190000,2.200000,2.210000,-0.004525,405000.000000,891870.000000
hk00573,2016-10-25,2.250000,2.250000,2.210000,2.210000,2.240000,-0.013393,505000.000000,1131860.000000
hk00573,2016-10-24,2.210000,2.250000,2.180000,2.240000,2.230000,0.004484,1096000.000000,2427520.000000
hk00573,2016-10-20,2.230000,2.260000,2.210000,2.230000,2.230000,0.000000,481000.000000,1073860.000000
hk00573,2016-10-19,2.290000,2.290000,2.220000,2.230000,2.270000,-0.017621,382000.000000,857070.000000
hk00573,2016-10-18,2.270000,2.300000,2.220000,2.270000,2.240000,0.013393,499000.000000,1130720.000000
hk00573,2016-10-17,2.340000,2.350000,2.220000,2.240000,2.350000,-0.046809,903000.000000,2048790.000000
hk00573,2016-10-14,2.250000,2.350000,2.250000,2.350000,2.300000,0.021739,212000.000000,492830.000000
hk00573,2016-10-12,2.410000,2.410000,2.340000,2.370000,2.400000,-0.012500,362000.000000,856780.063000
hk00573,2016-10-11,2.440000,2.450000,2.380000,2.400000,2.410000,-0.004149,333000.000000,799160.000000
hk00573,2016-10-07,2.440000,2.440000,2.370000,2.410000,2.420000,-0.004132,424000.000000,1017290.000000
hk00573,2016-10-06,2.490000,2.490000,2.400000,2.420000,2.490000,-0.028112,766000.000000,1854730.000000
hk00573,2016-10-05,2.480000,2.540000,2.480000,2.490000,2.500000,-0.004000,876000.000000,2190890.000000
hk00573,2016-10-04,2.460000,2.520000,2.440000,2.500000,2.450000,0.020408,451000.000000,1122670.000000
hk00573,2016-10-03,2.460000,2.520000,2.400000,2.450000,2.440000,0.004098,920000.000000,2247710.000000
hk00573,2016-09-30,2.400000,2.450000,2.380000,2.440000,2.390000,0.020921,1076000.000000,2598640.250000
hk00573,2016-09-29,2.410000,2.410000,2.370000,2.390000,2.390000,0.000000,283000.000000,673850.000000
hk00573,2016-09-28,2.440000,2.480000,2.400000,2.450000,2.370000,0.033755,1183000.000000,2896280.000000
hk00573,2016-09-27,2.330000,2.440000,2.260000,2.370000,2.330000,0.017167,964000.000000,2266060.000000
hk00573,2016-09-26,2.430000,2.440000,2.320000,2.330000,2.400000,-0.029167,1205000.000000,2863110.000000
hk00573,2016-09-23,2.460000,2.460000,2.380000,2.400000,2.430000,-0.012346,302000.000000,730610.000000
hk00573,2016-09-22,2.440000,2.450000,2.380000,2.430000,2.420000,0.004132,740000.000000,1791010.000000
hk00573,2016-09-21,2.440000,2.440000,2.300000,2.420000,2.420000,0.000000,1145000.000000,2727830.000000
hk00573,2016-09-20,2.460000,2.460000,2.380000,2.420000,2.440000,-0.008197,2376000.000000,5719110.000000
hk00573,2016-09-19,2.330000,2.470000,2.330000,2.440000,2.320000,0.051724,2376000.000000,5722930.000000
hk00573,2016-09-15,2.310000,2.330000,2.280000,2.320000,2.300000,0.008696,582000.000000,1346830.000000
hk00573,2016-09-14,2.260000,2.300000,2.230000,2.300000,2.260000,0.017699,687000.000000,1556530.000000
hk00573,2016-09-13,2.240000,2.290000,2.230000,2.260000,2.250000,0.004444,627000.000000,1416900.000000
hk00573,2016-09-12,2.330000,2.330000,2.220000,2.250000,2.340000,-0.038462,1359000.000000,3051430.000000
hk00573,2016-09-09,2.340000,2.360000,2.320000,2.340000,2.340000,0.000000,1340000.000000,3132480.000000
hk00573,2016-09-08,2.300000,2.390000,2.300000,2.340000,2.280000,0.026316,754000.000000,1755940.000000
hk00573,2016-09-07,2.210000,2.300000,2.210000,2.280000,2.290000,-0.004367,482000.000000,1096080.000000
hk00573,2016-09-06,2.320000,2.390000,2.190000,2.290000,2.320000,-0.012931,1221900.000000,2760426.000000
hk00573,2016-09-05,2.180000,2.360000,2.180000,2.320000,2.150000,0.079070,3169000.000000,7163850.000000
hk00573,2016-09-02,2.030000,2.180000,2.020000,2.150000,2.020000,0.064356,3491000.000000,7430460.000000
hk00573,2016-09-01,1.980000,2.040000,1.940000,2.020000,1.950000,0.035897,5385000.000000,10811170.000000
hk00573,2016-08-31,1.960000,1.970000,1.940000,1.950000,1.950000,0.000000,1441000.000000,2815119.750000
hk00573,2016-08-30,1.960000,1.990000,1.950000,1.950000,1.960000,-0.005102,1430000.000000,2802980.000000
hk00573,2016-08-29,1.970000,1.980000,1.940000,1.960000,1.940000,0.010309,1967000.000000,3853670.000000
hk00573,2016-08-26,1.950000,1.980000,1.920000,1.940000,1.940000,0.000000,1082000.000000,2102340.000000
hk00573,2016-08-25,1.990000,1.990000,1.920000,1.940000,1.980000,-0.020202,1483000.000000,2878530.000000
hk00573,2016-08-24,2.000000,2.000000,1.960000,1.980000,1.990000,-0.005025,562000.000000,1109850.000000
hk00573,2016-08-23,2.000000,2.000000,1.970000,1.990000,1.990000,0.000000,536000.000000,1063720.000000
hk00573,2016-08-22,2.020000,2.020000,1.980000,1.990000,2.000000,-0.005000,1756000.000000,3494870.000000
hk00573,2016-08-19,1.970000,2.100000,1.960000,2.000000,1.900000,0.052632,6455000.000000,13080040.000000
hk00573,2016-08-18,1.920000,1.920000,1.890000,1.900000,1.900000,0.000000,339000.000000,644380.063000
hk00573,2016-08-17,1.900000,1.950000,1.890000,1.900000,1.900000,0.000000,1002000.000000,1904330.000000
hk00573,2016-08-16,1.950000,1.950000,1.890000,1.900000,1.930000,-0.015544,751000.000000,1438690.000000
hk00573,2016-08-15,1.950000,1.950000,1.900000,1.930000,1.920000,0.005208,384000.000000,737930.000000
hk00573,2016-08-12,1.870000,1.930000,1.870000,1.920000,1.870000,0.026738,1249000.000000,2371220.000000
hk00573,2016-08-11,1.880000,1.890000,1.850000,1.870000,1.870000,0.000000,556000.000000,1036610.000000
hk00573,2016-08-10,1.890000,1.970000,1.870000,1.870000,1.880000,-0.005319,3774000.000000,7244540.000000
hk00573,2016-08-09,1.790000,1.890000,1.790000,1.880000,1.780000,0.056180,2697000.000000,5021610.000000
hk00573,2016-08-08,1.770000,1.800000,1.770000,1.780000,1.770000,0.005650,839000.000000,1503140.000000
hk00573,2016-08-05,1.780000,1.780000,1.770000,1.770000,1.770000,0.000000,284000.000000,504180.000000
hk00573,2016-08-04,1.780000,1.790000,1.760000,1.770000,1.750000,0.011429,355000.000000,629390.000000
hk00573,2016-08-03,1.770000,1.780000,1.740000,1.750000,1.760000,-0.005682,759900.000000,1336282.000000
hk00573,2016-08-01,1.760000,1.770000,1.760000,1.760000,1.760000,0.000000,544100.000000,958275.938000
hk00573,2016-07-29,1.770000,1.800000,1.750000,1.760000,1.770000,-0.005650,630000.000000,1114090.000000
hk00573,2016-07-28,1.830000,1.830000,1.760000,1.770000,1.820000,-0.027473,1670000.000000,2993880.000000
hk00573,2016-07-27,1.820000,1.840000,1.810000,1.820000,1.820000,0.000000,544000.000000,991299.938000
hk00573,2016-07-26,1.820000,1.850000,1.820000,1.820000,1.820000,0.000000,1071000.000000,1960500.000000
hk00573,2016-07-25,1.820000,1.850000,1.820000,1.820000,1.810000,0.005525,261000.000000,476569.969000
hk00573,2016-07-22,1.800000,1.820000,1.800000,1.810000,1.820000,-0.005495,289000.000000,520940.000000
hk00573,2016-07-21,1.870000,1.870000,1.820000,1.820000,1.860000,-0.021505,996000.000000,1830800.000000
hk00573,2016-07-20,1.880000,1.880000,1.860000,1.860000,1.870000,-0.005348,953000.000000,1781790.000000
hk00573,2016-07-19,1.820000,1.900000,1.810000,1.870000,1.810000,0.033149,2051000.000000,3813730.000000
hk00573,2016-07-18,1.840000,1.840000,1.810000,1.810000,1.830000,-0.010929,373000.000000,679360.000000
hk00573,2016-07-15,1.840000,1.840000,1.830000,1.830000,1.840000,-0.005435,242000.000000,443609.969000
hk00573,2016-07-14,1.840000,1.850000,1.830000,1.840000,1.840000,0.000000,297000.000000,546480.000000
hk00573,2016-07-13,1.820000,1.850000,1.820000,1.840000,1.820000,0.010989,388029.000000,714572.500000
hk00573,2016-07-12,1.810000,1.830000,1.810000,1.820000,1.800000,0.011111,287000.000000,522880.000000
hk00573,2016-07-11,1.790000,1.830000,1.760000,1.800000,1.760000,0.022727,217000.000000,390080.000000
hk00573,2016-07-08,1.800000,1.800000,1.740000,1.760000,1.800000,-0.022222,389000.000000,685580.063000
hk00573,2016-07-07,1.800000,1.830000,1.790000,1.800000,1.790000,0.005587,233000.000000,421120.000000
hk00573,2016-07-06,1.820000,1.820000,1.790000,1.790000,1.840000,-0.027174,539000.000000,971590.000000
hk00573,2016-07-05,1.830000,1.850000,1.830000,1.840000,1.850000,-0.005405,84000.000000,153960.000000
hk00573,2016-07-04,1.820000,1.880000,1.820000,1.850000,1.830000,0.010929,317000.000000,589250.000000
hk00573,2016-06-30,1.820000,1.860000,1.820000,1.830000,1.810000,0.011050,272000.000000,501240.000000
hk00573,2016-06-29,1.830000,1.830000,1.810000,1.810000,1.830000,-0.010929,110000.000000,199970.000000
hk00573,2016-06-28,1.810000,1.830000,1.760000,1.830000,1.850000,-0.010811,203000.000000,364300.000000
hk00573,2016-06-27,1.820000,1.850000,1.800000,1.850000,1.840000,0.005435,75000.000000,136930.000000
hk00573,2016-06-24,1.840000,1.860000,1.760000,1.840000,1.890000,-0.026455,748000.000000,1360290.000000
hk00573,2016-06-23,1.900000,1.900000,1.890000,1.890000,1.910000,-0.010471,71000.000000,134260.000000
hk00573,2016-06-22,1.940000,1.940000,1.890000,1.910000,1.930000,-0.010363,251000.000000,480470.031000
hk00573,2016-06-21,1.910000,1.930000,1.910000,1.930000,1.910000,0.010471,43000.000000,82180.000000
hk00573,2016-06-20,1.920000,1.920000,1.910000,1.910000,1.920000,-0.005208,161000.000000,309100.000000
hk00573,2016-06-17,1.920000,1.920000,1.880000,1.920000,1.920000,0.000000,54000.000000,102540.000000
hk00573,2016-06-16,1.900000,1.930000,1.880000,1.920000,1.950000,-0.015385,147000.000000,280049.969000
hk00573,2016-06-15,1.940000,1.980000,1.940000,1.950000,1.960000,-0.005102,1076000.000000,2105290.000000
hk00573,2016-06-14,1.910000,1.960000,1.890000,1.960000,1.880000,0.042553,442000.000000,851210.000000
hk00573,2016-06-13,1.900000,1.900000,1.800000,1.880000,1.930000,-0.025907,357000.000000,660880.000000
hk00573,2016-06-10,1.930000,1.930000,1.910000,1.930000,1.910000,0.010471,128000.000000,245890.000000
hk00573,2016-06-08,1.920000,1.920000,1.900000,1.910000,1.920000,-0.005208,254000.000000,485750.031000
hk00573,2016-06-07,1.920000,1.930000,1.920000,1.920000,1.940000,-0.010309,271000.000000,520329.969000
hk00573,2016-06-06,1.960000,1.960000,1.940000,1.940000,1.940000,0.000000,205000.000000,399020.000000
hk00573,2016-06-03,1.950000,1.980000,1.940000,1.940000,1.960000,-0.010204,351000.000000,686230.000000
hk00573,2016-06-02,1.930000,1.960000,1.930000,1.960000,1.920000,0.020833,196000.000000,379860.000000
hk00573,2016-06-01,1.950000,2.000000,1.920000,1.920000,1.940000,-0.010309,195000.000000,378200.000000
hk00573,2016-05-31,1.980000,1.980000,1.940000,1.940000,1.980000,-0.020202,373000.000000,728430.000000
hk00573,2016-05-30,1.970000,2.020000,1.970000,1.980000,1.970000,0.005076,171000.000000,340620.000000
hk00573,2016-05-27,1.940000,2.020000,1.920000,1.970000,1.940000,0.015464,669000.000000,1323130.000000
hk00573,2016-05-26,2.010000,2.010000,1.990000,2.000000,2.010000,-0.004975,220000.000000,440080.000000
hk00573,2016-05-25,2.000000,2.050000,2.000000,2.010000,2.010000,0.000000,128000.000000,258280.000000
hk00573,2016-05-24,2.020000,2.030000,1.980000,2.010000,2.020000,-0.004950,201000.000000,402300.000000
hk00573,2016-05-23,2.060000,2.060000,2.020000,2.020000,2.080000,-0.028846,136000.000000,278089.969000
hk00573,2016-05-20,1.960000,2.090000,1.960000,2.080000,1.980000,0.050505,743000.000000,1522010.000000
hk00573,2016-05-19,1.980000,2.010000,1.970000,1.980000,2.000000,-0.010000,215000.000000,428609.969000
hk00573,2016-05-18,2.020000,2.020000,2.000000,2.000000,2.050000,-0.024390,99000.000000,198800.000000
hk00573,2016-05-17,2.030000,2.100000,2.020000,2.050000,2.050000,0.000000,439000.000000,908659.938000
hk00573,2016-05-16,2.000000,2.050000,2.000000,2.050000,2.030000,0.009852,16000.000000,32500.000000
hk00573,2016-05-13,2.060000,2.060000,1.980000,2.030000,2.060000,-0.014563,311000.000000,631560.000000
hk00573,2016-05-12,2.080000,2.090000,2.020000,2.060000,2.070000,-0.004831,496000.000000,1019280.000000
hk00573,2016-05-11,2.050000,2.100000,2.020000,2.070000,2.029000,0.020207,682000.000000,1403630.000000
hk00573,2016-05-10,2.009000,2.040000,2.000000,2.029000,2.020000,0.004455,233000.000000,468310.031000
hk00573,2016-05-09,2.000000,2.020000,1.950000,2.020000,1.990000,0.015075,412000.000000,822179.938000
hk00573,2016-05-06,2.009000,2.009000,1.930000,1.990000,2.009000,-0.009457,977000.000000,1917610.000000
hk00573,2016-05-05,1.960000,2.020000,1.900000,2.009000,1.950000,0.030256,645000.000000,1267290.000000
hk00573,2016-05-04,1.950000,1.980000,1.920000,1.950000,1.940000,0.005155,341000.000000,664259.938000
hk00573,2016-05-03,2.020000,2.070000,1.930000,1.940000,2.000000,-0.030000,1264000.000000,2516580.000000
hk00573,2016-04-29,2.050000,2.060000,1.960000,2.000000,2.070000,-0.033816,1194000.000000,2404680.000000
hk00573,2016-04-28,2.100000,2.100000,2.040000,2.070000,2.070000,0.000000,573000.000000,1191290.000000
hk00573,2016-04-27,2.100000,2.120000,2.040000,2.070000,2.140000,-0.032710,1439000.000000,2993210.000000
hk00573,2016-04-26,2.130000,2.190000,2.070000,2.140000,2.120000,0.009434,1325000.000000,2795100.000000
hk00573,2016-04-25,2.060000,2.160000,2.060000,2.120000,2.040000,0.039216,1490000.000000,3161480.000000
hk00573,2016-04-22,2.090000,2.090000,2.040000,2.040000,2.060000,-0.009709,707000.000000,1452210.000000
hk00573,2016-04-21,2.080000,2.100000,2.040000,2.060000,2.050000,0.004878,779000.000000,1606599.875000
hk00573,2016-04-20,2.080000,2.130000,2.000000,2.050000,2.070000,-0.009662,1672000.000000,3429040.250000
hk00573,2016-04-19,2.070000,2.110000,2.060000,2.070000,2.060000,0.004854,1249000.000000,2590810.000000
hk00573,2016-04-18,2.140000,2.150000,2.060000,2.060000,2.140000,-0.037383,1532000.000000,3189070.000000
hk00573,2016-04-15,2.100000,2.200000,2.040000,2.140000,2.130000,0.004695,1456000.000000,3089880.000000
hk00573,2016-04-14,1.930000,2.150000,1.910000,2.130000,1.920000,0.109375,5533000.000000,11090400.000000
hk00573,2016-04-13,1.960000,1.960000,1.920000,1.920000,1.930000,-0.005181,386000.000000,749090.000000
hk00573,2016-04-12,1.940000,1.940000,1.910000,1.930000,1.960000,-0.015306,858000.000000,1655680.000000
hk00573,2016-04-11,1.950000,2.000000,1.930000,1.960000,1.940000,0.010309,693000.000000,1361080.000000
hk00573,2016-04-08,1.990000,1.990000,1.940000,1.940000,1.990000,-0.025126,1237000.000000,2412010.000000
hk00573,2016-04-07,1.990000,2.040000,1.950000,1.990000,1.960000,0.015306,3500000.000000,7010090.000000
hk00573,2016-04-06,1.800000,2.040000,1.800000,1.960000,1.780000,0.101124,25839000.000000,47466750.000000
hk00573,2016-04-05,1.780000,1.790000,1.780000,1.780000,1.780000,0.000000,2108000.000000,3704840.000000
hk00573,2016-04-01,1.760000,1.800000,1.760000,1.780000,1.760000,0.011364,6012000.000000,10759110.000000
hk00573,2016-03-31,1.790000,1.800000,1.760000,1.760000,1.790000,-0.016760,686000.000000,1219280.000000
hk00573,2016-03-30,1.800000,1.810000,1.780000,1.790000,1.740000,0.028736,793000.000000,1424750.000000
hk00573,2016-03-29,1.750000,1.830000,1.740000,1.740000,1.740000,0.000000,348000.000000,610810.000000
hk00573,2016-03-24,1.730000,1.740000,1.730000,1.740000,1.740000,0.000000,394000.000000,685459.938000
hk00573,2016-03-23,1.740000,1.740000,1.730000,1.740000,1.730000,0.005780,189000.000000,328089.969000
hk00573,2016-03-22,1.740000,1.760000,1.730000,1.730000,1.730000,0.000000,131000.000000,227730.000000
hk00573,2016-03-21,1.740000,1.760000,1.720000,1.730000,1.740000,-0.005747,222000.000000,387470.031000
hk00573,2016-03-18,1.760000,1.760000,1.740000,1.740000,1.760000,-0.011364,295000.000000,515270.031000
hk00573,2016-03-17,1.780000,1.780000,1.750000,1.760000,1.770000,-0.005650,158000.000000,278360.000000
hk00573,2016-03-16,1.780000,1.780000,1.760000,1.770000,1.780000,-0.005618,382000.000000,677619.938000
hk00573,2016-03-15,1.830000,1.830000,1.780000,1.780000,1.840000,-0.032609,685000.000000,1237460.000000
hk00573,2016-03-14,1.860000,1.860000,1.840000,1.840000,1.860000,-0.010753,152000.000000,281649.969000
hk00573,2016-03-11,1.860000,1.860000,1.860000,1.860000,1.860000,0.000000,22000.000000,40920.000000
hk00573,2016-03-10,1.860000,1.870000,1.860000,1.860000,1.870000,-0.005348,282000.000000,526440.000000
hk00573,2016-03-09,1.870000,1.870000,1.870000,1.870000,1.870000,0.000000,114000.000000,213180.000000
hk00573,2016-03-08,1.870000,1.880000,1.870000,1.870000,1.870000,0.000000,219000.000000,409590.031000
hk00573,2016-03-07,1.900000,1.900000,1.870000,1.870000,1.870000,0.000000,218000.000000,408620.000000
hk00573,2016-03-04,1.870000,1.870000,1.860000,1.870000,1.870000,0.000000,189000.000000,353409.969000
hk00573,2016-03-03,1.890000,1.900000,1.870000,1.870000,1.880000,-0.005319,203000.000000,383440.000000
hk00573,2016-03-02,1.900000,1.900000,1.870000,1.880000,1.880000,0.000000,202000.000000,380180.000000
hk00573,2016-03-01,1.900000,1.900000,1.880000,1.880000,1.890000,-0.005291,148000.000000,279660.000000
hk00573,2016-02-29,1.890000,1.890000,1.890000,1.890000,1.890000,0.000000,1000.000000,1890.000000
hk00573,2016-02-26,1.900000,1.900000,1.880000,1.890000,1.860000,0.016129,2272000.000000,4227540.000000
hk00573,2016-02-25,1.850000,1.900000,1.850000,1.860000,1.860000,0.000000,143000.000000,270369.969000
hk00573,2016-02-24,1.870000,1.920000,1.830000,1.860000,1.870000,-0.005348,276000.000000,518340.000000
hk00573,2016-02-23,1.930000,1.930000,1.870000,1.870000,1.930000,-0.031088,486000.000000,912630.000000
hk00573,2016-02-22,1.930000,1.950000,1.930000,1.930000,1.880000,0.026596,58000.000000,112410.000000
hk00573,2016-02-19,1.880000,1.880000,1.880000,1.880000,1.890000,-0.005291,30000.000000,56400.000000
hk00573,2016-02-18,1.890000,1.890000,1.890000,1.890000,1.880000,0.005319,30000.000000,56700.000000
hk00573,2016-02-16,1.930000,1.930000,1.870000,1.880000,1.890000,-0.005291,182000.000000,345729.969000
hk00573,2016-02-12,1.830000,1.890000,1.830000,1.890000,1.830000,0.032787,369.000000,69080.000000
hk00573,2016-02-11,1.880000,1.880000,1.830000,1.830000,1.880000,-0.026596,219.000000,40560.000000
hk00573,2016-02-05,1.860000,1.880000,1.850000,1.880000,1.890000,-0.005291,159000.000000,296430.031000
hk00573,2016-02-04,1.880000,1.890000,1.870000,1.890000,1.880000,0.005319,50000.000000,93950.000000
hk00573,2016-02-03,1.890000,1.890000,1.880000,1.880000,1.900000,-0.010526,211000.000000,397230.031000
hk00573,2016-02-02,1.900000,1.970000,1.900000,1.900000,1.970000,-0.035533,196000.000000,375840.000000
hk00573,2016-02-01,1.970000,1.970000,1.970000,1.970000,1.990000,-0.010050,1051.000000,2070.980000
hk00573,2016-01-29,1.990000,1.990000,1.990000,1.990000,1.900000,0.047368,1000.000000,1990.000000
hk00573,2016-01-28,1.900000,1.900000,1.900000,1.900000,1.920000,-0.010417,7000.000000,13300.000000
hk00573,2016-01-27,1.890000,1.920000,1.890000,1.920000,1.890000,0.015873,133000.000000,254100.000000
hk00573,2016-01-26,1.900000,1.920000,1.890000,1.890000,1.990000,-0.050251,53000.000000,100850.000000
hk00573,2016-01-25,2.000000,2.000000,1.990000,1.990000,1.980000,0.005051,42000.000000,83970.000000
hk00573,2016-01-21,1.960000,2.000000,1.910000,1.980000,2.000000,-0.010000,102000.000000,203780.000000
hk00573,2016-01-20,1.980000,2.100000,1.900000,2.000000,2.000000,0.000000,61000.000000,121230.000000
hk00573,2016-01-19,1.970000,2.000000,1.970000,2.000000,1.980000,0.010101,29000.000000,57350.000000
hk00573,2016-01-18,1.980000,1.980000,1.980000,1.980000,2.000000,-0.010000,2000.000000,3960.000000
hk00573,2016-01-15,2.020000,2.020000,2.000000,2.000000,2.010000,-0.004975,22000.000000,44160.000000
hk00573,2016-01-14,2.020000,2.040000,2.010000,2.010000,2.040000,-0.014706,144000.000000,290910.031000
hk00573,2016-01-13,2.030000,2.040000,2.030000,2.040000,2.010000,0.014925,2000.000000,4070.000000
hk00573,2016-01-12,2.020000,2.020000,2.010000,2.010000,2.020000,-0.004950,73000.000000,147260.000000
hk00573,2016-01-11,2.010000,2.020000,2.000000,2.020000,2.000000,0.010000,1217000.000000,2490730.000000
hk00573,2016-01-08,2.010000,2.010000,1.980000,2.000000,2.000000,0.000000,192000.000000,384089.969000
hk00573,2016-01-07,2.000000,2.050000,1.990000,2.000000,2.100000,-0.047619,526000.000000,1057720.000000
hk00573,2016-01-06,2.070000,2.100000,2.070000,2.100000,2.100000,0.000000,28000.000000,58500.000000
hk00573,2016-01-05,2.090000,2.110000,2.090000,2.100000,2.110000,-0.004739,45000.000000,94420.000000
hk00573,2016-01-04,2.100000,2.150000,2.080000,2.110000,2.140000,-0.014019,140000.000000,295120.000000
hk00573,2015-12-31,2.120000,2.180000,2.120000,2.140000,2.100000,0.019048,16000.000000,34160.000000
hk00573,2015-12-30,2.100000,2.100000,2.100000,2.100000,2.100000,0.000000,44000.000000,92640.000000
hk00573,2015-12-29,2.100000,2.100000,2.100000,2.100000,2.110000,-0.004739,117000.000000,245700.000000
hk00573,2015-12-28,2.200000,2.200000,2.100000,2.110000,2.100000,0.004762,107000.000000,229710.000000
hk00573,2015-12-24,2.100000,2.100000,2.100000,2.100000,2.090000,0.004785,1990.000000,4109.700000
hk00573,2015-12-23,2.130000,2.130000,2.080000,2.090000,2.130000,-0.018779,246000.000000,517130.000000
hk00573,2015-12-22,2.130000,2.130000,2.130000,2.130000,2.130000,0.000000,4000.000000,8520.000000
hk00573,2015-12-18,2.130000,2.130000,2.130000,2.130000,2.120000,0.004717,2000.000000,4260.000000
hk00573,2015-12-17,2.110000,2.120000,2.110000,2.120000,2.100000,0.009524,15000.000000,31720.000000
hk00573,2015-12-16,2.120000,2.140000,2.100000,2.100000,2.100000,0.000000,205000.000000,434990.000000
hk00573,2015-12-15,2.100000,2.100000,2.100000,2.100000,2.100000,0.000000,43000.000000,90220.000000
hk00573,2015-12-14,2.100000,2.100000,2.090000,2.100000,2.110000,-0.004739,29000.000000,60880.000000
hk00573,2015-12-11,2.140000,2.140000,2.100000,2.110000,2.110000,0.000000,76186.000000,162013.160000
hk00573,2015-12-10,2.120000,2.160000,2.100000,2.110000,2.110000,0.000000,136000.000000,288710.000000
hk00573,2015-12-09,2.180000,2.180000,2.110000,2.110000,2.140000,-0.014019,178000.000000,381230.000000
hk00573,2015-12-08,2.170000,2.200000,2.120000,2.140000,2.190000,-0.022831,285000.000000,613770.000000
hk00573,2015-12-07,2.200000,2.220000,2.170000,2.190000,2.190000,0.000000,87000.000000,191500.000000
hk00573,2015-12-04,2.250000,2.280000,2.190000,2.190000,2.260000,-0.030973,552000.000000,1224410.000000
hk00573,2015-12-03,2.280000,2.290000,2.250000,2.260000,2.280000,-0.008772,156250.000000,356927.000000
hk00573,2015-12-02,2.300000,2.300000,2.270000,2.280000,2.290000,-0.004367,143000.000000,327030.000000
hk00573,2015-12-01,2.290000,2.310000,2.290000,2.290000,2.290000,0.000000,255000.000000,584230.000000
hk00573,2015-11-30,2.350000,2.420000,2.290000,2.290000,2.310000,-0.008658,180000.000000,421360.000000
hk00573,2015-11-27,2.400000,2.400000,2.310000,2.310000,2.360000,-0.021186,90000.000000,210540.000000
hk00573,2015-11-26,2.370000,2.370000,2.350000,2.360000,2.390000,-0.012552,21000.000000,49620.000000
hk00573,2015-11-25,2.350000,2.410000,2.350000,2.390000,2.400000,-0.004167,96000.000000,227670.000000
hk00573,2015-11-24,2.480000,2.500000,2.400000,2.400000,2.500000,-0.040000,196250.000000,474185.000000
hk00573,2015-11-23,2.500000,2.500000,2.500000,2.500000,2.500000,0.000000,11000.000000,27500.000000
hk00573,2015-11-20,2.500000,2.500000,2.500000,2.500000,2.500000,0.000000,2000.000000,5000.000000
hk00573,2015-11-18,2.500000,2.500000,2.500000,2.500000,2.480000,0.008065,4000.000000,10000.000000
hk00573,2015-11-16,2.470000,2.500000,2.400000,2.490000,2.490000,0.000000,40000.000000,99100.000000
hk00573,2015-11-13,2.490000,2.490000,2.490000,2.490000,2.490000,0.000000,7000.000000,17430.000000
hk00573,2015-11-12,2.490000,2.500000,2.490000,2.490000,2.450000,0.016327,6000.000000,14980.000000
hk00573,2015-11-11,2.480000,2.480000,2.450000,2.450000,2.480000,-0.012097,23000.000000,56500.000000
hk00573,2015-11-10,2.480000,2.480000,2.450000,2.480000,2.490000,-0.004016,9000.000000,22140.000000
hk00573,2015-11-05,2.500000,2.500000,2.500000,2.500000,2.500000,0.000000,55000.000000,137500.000000
hk00573,2015-11-04,2.500000,2.520000,2.500000,2.500000,2.450000,0.020408,161000.000000,403870.000000
hk00573,2015-11-03,2.490000,2.490000,2.450000,2.450000,2.450000,0.000000,16000.000000,39800.000000
hk00573,2015-11-02,2.460000,2.460000,2.450000,2.450000,2.450000,0.000000,26000.000000,63850.000000
hk00573,2015-10-30,2.500000,2.500000,2.450000,2.450000,2.500000,-0.020000,160000.000000,392260.000000
hk00573,2015-10-29,2.520000,2.520000,2.470000,2.500000,2.520000,-0.007937,52000.000000,129790.000000
hk00573,2015-10-28,2.520000,2.520000,2.520000,2.520000,2.520000,0.000000,405000.000000,1020600.000000
hk00573,2015-10-27,2.520000,2.520000,2.520000,2.520000,2.520000,0.000000,94000.000000,237720.000000
hk00573,2015-10-26,2.460000,2.550000,2.460000,2.520000,2.460000,0.024390,237000.000000,599600.000000
hk00573,2015-10-23,2.540000,2.540000,2.450000,2.460000,2.550000,-0.035294,210000.000000,522750.000000
hk00573,2015-10-22,2.550000,2.550000,2.470000,2.550000,2.550000,0.000000,432000.000000,1096430.000000
hk00573,2015-10-20,2.550000,2.560000,2.550000,2.550000,2.550000,0.000000,267000.000000,680900.000000
hk00573,2015-10-19,2.520000,2.550000,2.520000,2.550000,2.500000,0.020000,251000.000000,636610.000000
hk00573,2015-10-16,2.500000,2.510000,2.500000,2.500000,2.490000,0.004016,79000.000000,197570.000000
hk00573,2015-10-15,2.530000,2.550000,2.490000,2.490000,2.520000,-0.011905,739000.000000,1860970.000000
hk00573,2015-10-14,2.520000,2.550000,2.510000,2.520000,2.520000,0.000000,31000.000000,78840.000000
hk00573,2015-10-13,2.520000,2.550000,2.500000,2.520000,2.520000,0.000000,144000.000000,361840.000000
hk00573,2015-10-12,2.560000,2.560000,2.500000,2.520000,2.550000,-0.011765,445000.000000,1124620.000000
hk00573,2015-10-09,2.560000,2.560000,2.540000,2.550000,2.570000,-0.007782,62000.000000,157720.000000
hk00573,2015-10-08,2.570000,2.570000,2.570000,2.570000,2.550000,0.007843,7000.000000,17990.000000
hk00573,2015-10-07,2.620000,2.620000,2.550000,2.550000,2.610000,-0.022989,158000.000000,406510.000000
hk00573,2015-10-06,2.630000,2.640000,2.610000,2.610000,2.630000,-0.007605,254000.000000,667860.000000
hk00573,2015-10-05,2.600000,2.640000,2.600000,2.630000,2.600000,0.011538,77000.000000,201030.000000
hk00573,2015-10-02,2.510000,2.600000,2.480000,2.600000,2.550000,0.019608,230000.000000,585090.000000
hk00573,2015-09-30,2.520000,2.590000,2.520000,2.550000,2.580000,-0.011628,67000.000000,171160.000000
hk00573,2015-09-29,2.560000,2.600000,2.500000,2.580000,2.670000,-0.033708,340000.000000,870710.000000
hk00573,2015-09-25,2.620000,2.690000,2.620000,2.670000,2.650000,0.007547,50000.000000,132900.000000
hk00573,2015-09-24,2.570000,2.650000,2.570000,2.650000,2.580000,0.027132,103000.000000,266670.000000
hk00573,2015-09-23,2.620000,2.620000,2.500000,2.580000,2.660000,-0.030075,304000.000000,780050.000000
hk00573,2015-09-22,2.690000,2.690000,2.650000,2.660000,2.690000,-0.011152,172000.000000,459100.000000
hk00573,2015-09-21,2.680000,2.700000,2.680000,2.690000,2.700000,-0.003704,204000.000000,548590.000000
hk00573,2015-09-18,2.700000,2.700000,2.700000,2.700000,2.700000,0.000000,97000.000000,261900.000000
hk00573,2015-09-17,2.720000,2.750000,2.720000,2.700000,2.700000,0.000000,6000.000000,16470.000000
hk00573,2015-09-16,2.800000,2.800000,2.700000,2.700000,2.800000,-0.035714,60000.000000,166530.000000
hk00573,2015-09-15,2.800000,2.800000,2.800000,2.800000,2.800000,0.000000,56000.000000,156800.000000
hk00573,2015-09-14,2.730000,2.800000,2.730000,2.800000,2.720000,0.029412,64000.000000,178900.000000
hk00573,2015-09-11,2.800000,2.800000,2.610000,2.720000,2.800000,-0.028571,40000.000000,110730.000000
hk00573,2015-09-10,2.980000,2.980000,2.800000,2.800000,2.800000,0.000000,27000.000000,75780.000000
hk00573,2015-09-09,2.820000,2.820000,2.780000,2.800000,2.800000,0.000000,1108000.000000,3100160.000000
hk00573,2015-09-08,2.800000,2.800000,2.800000,2.800000,2.800000,0.000000,50000.000000,140000.000000
hk00573,2015-09-07,2.770000,2.800000,2.770000,2.800000,2.800000,0.000000,142000.000000,395300.000000
hk00573,2015-09-04,2.870000,2.920000,2.800000,2.800000,2.820000,-0.007092,106000.000000,300120.000000
hk00573,2015-09-02,2.770000,2.840000,2.760000,2.820000,2.930000,-0.037543,29000.000000,81290.000000
hk00573,2015-09-01,2.740000,2.930000,2.740000,2.930000,2.920000,0.003425,66000.000000,191580.000000
hk00573,2015-08-31,2.920000,2.920000,2.920000,2.920000,2.930000,-0.003413,22000.000000,64240.000000
hk00573,2015-08-28,2.810000,2.980000,2.810000,2.930000,2.900000,0.010345,87000.000000,255460.000000
hk00573,2015-08-27,2.900000,2.900000,2.900000,2.900000,2.870000,0.010453,11000.000000,31900.000000
hk00573,2015-08-26,2.920000,2.920000,2.870000,2.870000,2.870000,0.000000,19000.000000,55430.000000
hk00573,2015-08-25,2.900000,2.900000,2.870000,2.870000,2.890000,-0.006920,57000.000000,164660.000000
hk00573,2015-08-24,3.020000,3.020000,2.950000,2.890000,2.870000,0.006969,36000.000000,106270.000000
hk00573,2015-08-21,2.880000,2.880000,2.820000,2.870000,3.040000,-0.055921,153000.000000,438320.000000
hk00573,2015-08-20,2.900000,3.040000,2.850000,3.040000,3.040000,0.000000,238000.000000,684540.000000
hk00573,2015-08-19,3.120000,3.130000,2.910000,3.040000,3.150000,-0.034921,356000.000000,1043530.000000
hk00573,2015-08-18,2.880000,3.150000,2.880000,3.150000,3.000000,0.050000,33000.000000,95880.000000
hk00573,2015-08-17,3.000000,3.040000,3.000000,3.000000,3.140000,-0.044586,44000.000000,132570.000000
hk00573,2015-08-07,3.130000,3.150000,3.120000,3.150000,3.140000,0.003185,65000.000000,203080.000000
hk00573,2015-08-06,3.130000,3.170000,3.130000,3.140000,3.140000,0.000000,42000.000000,132910.000000
hk00573,2015-08-05,3.140000,3.140000,3.140000,3.140000,3.150000,-0.003175,315.000000,989.100000
hk00573,2015-08-03,3.200000,3.200000,3.200000,3.190000,3.180000,0.003145,2000.000000,6400.000000
hk00573,2015-07-31,3.070000,3.180000,3.070000,3.180000,3.180000,0.000000,2000.000000,6250.000000
hk00573,2015-07-29,3.010000,3.200000,3.000000,3.180000,3.100000,0.025806,31000.000000,95920.000000
hk00573,2015-07-28,3.100000,3.100000,3.100000,3.100000,3.090000,0.003236,10000.000000,31000.000000
hk00573,2015-07-27,3.120000,3.120000,3.090000,3.090000,3.120000,-0.009615,56000.000000,174510.000000
hk00573,2015-07-24,3.130000,3.130000,3.120000,3.120000,3.170000,-0.015773,31000.000000,96970.000000
hk00573,2015-07-23,3.150000,3.170000,3.150000,3.170000,3.150000,0.006349,116000.000000,365650.000000
hk00573,2015-07-22,3.150000,3.150000,3.150000,3.150000,3.150000,0.000000,22000.000000,69300.000000
hk00573,2015-07-20,3.210000,3.210000,3.110000,3.150000,3.200000,-0.015625,66000.000000,207940.000000
hk00573,2015-07-17,3.170000,3.200000,3.170000,3.200000,3.150000,0.015873,61000.000000,194060.000000
hk00573,2015-07-16,3.000000,3.150000,3.000000,3.150000,3.150000,0.000000,152000.000000,477210.000000
hk00573,2015-07-13,3.120000,3.150000,3.120000,3.150000,3.120000,0.009615,31000.000000,97090.000000
hk00573,2015-07-10,3.120000,3.130000,3.120000,3.120000,3.090000,0.009709,91000.000000,283950.000000
hk00573,2015-07-09,2.700000,3.120000,2.700000,3.090000,3.000000,0.030000,256000.000000,759680.000000
hk00573,2015-07-08,3.030000,3.240000,2.820000,3.000000,3.170000,-0.053628,357000.000000,1067540.000000
hk00573,2015-07-07,3.200000,3.260000,3.120000,3.170000,3.250000,-0.024615,215000.000000,686400.000000
hk00573,2015-07-06,3.300000,3.300000,3.100000,3.250000,3.340000,-0.026946,282000.000000,908700.000000
hk00573,2015-07-03,3.280000,3.370000,3.260000,3.340000,3.380000,-0.011834,28000.000000,92120.000000
hk00573,2015-07-02,3.230000,3.400000,3.230000,3.380000,3.380000,0.000000,74000.000000,250790.000000
hk00573,2015-06-30,3.290000,3.400000,3.290000,3.380000,3.310000,0.021148,4000.000000,13490.000000
hk00573,2015-06-29,3.400000,3.400000,3.300000,3.310000,3.410000,-0.029326,56000.000000,185980.000000
hk00573,2015-06-26,3.360000,3.440000,3.360000,3.410000,3.410000,0.000000,36000.000000,122290.000000
hk00573,2015-06-25,3.450000,3.470000,3.370000,3.410000,3.390000,0.005900,111000.000000,378420.000000
hk00573,2015-06-24,3.450000,3.500000,3.390000,3.390000,3.410000,-0.005865,257000.000000,874490.000000
hk00573,2015-06-23,3.440000,3.610000,3.390000,3.410000,3.400000,0.002941,187000.000000,636630.000000
hk00573,2015-06-22,3.400000,3.410000,3.390000,3.400000,3.390000,0.002950,26000.000000,88460.000000
hk00573,2015-06-19,3.360000,3.470000,3.360000,3.390000,3.420000,-0.008772,24000.000000,81210.000000
hk00573,2015-06-18,3.380000,3.450000,3.380000,3.420000,3.440000,-0.005814,29000.000000,99060.000000
hk00573,2015-06-17,3.430000,3.440000,3.420000,3.440000,3.400000,0.011765,27000.000000,92530.000000
hk00573,2015-06-16,3.400000,3.400000,3.340000,3.400000,3.440000,-0.011628,1026000.000000,3487060.000000
hk00573,2015-06-15,3.490000,3.490000,3.420000,3.440000,3.440000,0.000000,104000.000000,358080.000000
hk00573,2015-06-12,3.450000,3.450000,3.430000,3.440000,3.400000,0.011765,21000.000000,72400.000000
hk00573,2015-06-11,3.420000,3.450000,3.400000,3.400000,3.400000,0.000000,73000.000000,249750.000000
hk00573,2015-06-10,3.370000,3.410000,3.350000,3.400000,3.350000,0.014925,128000.000000,433660.000000
hk00573,2015-06-09,3.310000,3.350000,3.310000,3.350000,3.340000,0.002994,65000.000000,216740.000000
hk00573,2015-06-08,3.340000,3.340000,3.310000,3.340000,3.350000,-0.002985,106000.000000,352450.000000
hk00573,2015-06-05,3.380000,3.410000,3.360000,3.350000,3.360000,-0.002976,46000.000000,154860.000000
hk00573,2015-06-04,3.340000,3.380000,3.340000,3.360000,3.340000,0.005988,1030000.000000,3456150.000000
hk00573,2015-06-03,3.350000,3.350000,3.340000,3.340000,3.340000,0.000000,190000.000000,636450.000000
hk00573,2015-06-02,3.350000,3.390000,3.330000,3.340000,3.340000,0.000000,111000.000000,372720.000000
hk00573,2015-06-01,3.350000,3.370000,3.330000,3.340000,3.350000,-0.002985,106000.000000,355120.000000
hk00573,2015-05-29,3.370000,3.420000,3.330000,3.350000,3.370000,-0.005935,566000.000000,1894940.000000
hk00573,2015-05-28,3.410000,3.450000,3.370000,3.370000,3.460000,-0.026012,489000.000000,1659230.000000
hk00573,2015-05-27,3.460000,3.470000,3.430000,3.460000,3.470000,-0.002882,396000.000000,1367580.000000
hk00573,2015-05-26,3.470000,3.550000,3.460000,3.470000,3.470000,0.000000,1316000.000000,4581130.000000
hk00573,2015-05-22,3.530000,3.530000,3.460000,3.470000,3.540000,-0.019774,476000.000000,1663690.000000
hk00573,2015-05-21,3.600000,3.600000,3.540000,3.540000,3.600000,-0.016667,60000.000000,213360.000000
hk00573,2015-05-20,3.550000,3.600000,3.540000,3.600000,3.530000,0.019830,721000.000000,2577385.000000
hk00573,2015-05-19,3.500000,3.560000,3.500000,3.530000,3.500000,0.008571,492000.000000,1746180.000000
hk00573,2015-05-18,3.460000,3.530000,3.460000,3.500000,3.460000,0.011561,237000.000000,831480.000000
hk00573,2015-05-15,3.500000,3.510000,3.440000,3.460000,3.480000,-0.005747,113000.000000,394170.000000
hk00573,2015-05-14,3.440000,3.490000,3.440000,3.480000,3.450000,0.008696,241000.000000,838950.000000
hk00573,2015-05-13,3.500000,3.530000,3.430000,3.450000,3.480000,-0.008621,288000.000000,1001010.000000
hk00573,2015-05-12,3.470000,3.500000,3.430000,3.480000,3.500000,-0.005714,446000.000000,1539050.000000
hk00573,2015-05-11,3.510000,3.510000,3.460000,3.500000,3.500000,0.000000,644000.000000,2249441.000000
hk00573,2015-05-08,3.510000,3.510000,3.450000,3.500000,3.510000,-0.002849,311000.000000,1084640.000000
hk00573,2015-05-07,3.620000,3.620000,3.500000,3.510000,3.620000,-0.030387,208000.000000,732520.000000
hk00573,2015-05-06,3.700000,3.700000,3.520000,3.620000,3.600000,0.005556,650000.000000,2369740.000000
hk00573,2015-05-05,3.700000,3.700000,3.600000,3.600000,3.660000,-0.016393,350000.000000,1269120.000000
hk00573,2015-05-04,3.700000,3.750000,3.630000,3.660000,3.700000,-0.010811,995000.000000,3662420.000000
hk00573,2015-04-30,3.640000,3.720000,3.620000,3.700000,3.610000,0.024931,694000.000000,2556650.000000
hk00573,2015-04-29,3.610000,3.690000,3.600000,3.610000,3.620000,-0.002762,301000.000000,1093310.000000
hk00573,2015-04-28,3.580000,3.640000,3.580000,3.620000,3.570000,0.014006,471000.000000,1705180.000000
hk00573,2015-04-27,3.530000,3.600000,3.520000,3.570000,3.520000,0.014205,717000.000000,2556400.000000
hk00573,2015-04-24,3.600000,3.600000,3.510000,3.520000,3.560000,-0.011236,251000.000000,892340.000000
hk00573,2015-04-23,3.560000,3.570000,3.530000,3.560000,3.530000,0.008499,1280000.000000,4546160.000000
hk00573,2015-04-22,3.580000,3.580000,3.500000,3.530000,3.570000,-0.011204,769000.000000,2733570.000000
hk00573,2015-04-21,3.570000,3.570000,3.570000,3.570000,3.570000,0.000000,114000.000000,406980.000000
hk00573,2015-04-20,3.620000,3.620000,3.570000,3.570000,3.620000,-0.013812,52000.000000,185860.000000
hk00573,2015-04-17,3.610000,3.630000,3.600000,3.620000,3.630000,-0.002755,33000.000000,119140.000000
hk00573,2015-04-16,3.630000,3.650000,3.600000,3.630000,3.700000,-0.018919,870000.000000,3150130.000000
hk00573,2015-04-15,3.660000,3.700000,3.620000,3.700000,3.660000,0.010929,445000.000000,1631070.000000
hk00573,2015-04-14,3.650000,3.720000,3.570000,3.660000,3.700000,-0.010811,500000.000000,1813160.000000
hk00573,2015-04-13,3.700000,3.700000,3.620000,3.700000,3.700000,0.000000,658200.000000,2406752.000000
hk00573,2015-04-10,3.690000,3.750000,3.680000,3.700000,3.690000,0.002710,493000.000000,1823240.000000
hk00573,2015-04-09,3.650000,3.720000,3.650000,3.690000,3.650000,0.010959,288000.000000,1065760.000000
hk00573,2015-04-08,3.600000,3.680000,3.550000,3.650000,3.610000,0.011080,359000.000000,1307820.000000
hk00573,2015-04-02,3.590000,3.610000,3.520000,3.610000,3.500000,0.031429,108000.000000,388760.000000
hk00573,2015-04-01,3.600000,3.600000,3.460000,3.500000,3.480000,0.005747,17000.000000,59860.000000
hk00573,2015-03-31,3.520000,3.530000,3.310000,3.480000,3.500000,-0.005714,55000.000000,190640.000000
hk00573,2015-03-30,3.610000,3.610000,3.440000,3.500000,3.600000,-0.027778,14000.000000,50020.000000
hk00573,2015-03-27,3.590000,3.600000,3.590000,3.600000,3.520000,0.022727,27000.000000,97160.000000
hk00573,2015-03-26,3.600000,3.600000,3.520000,3.520000,3.600000,-0.022222,24000.000000,85640.000000
hk00573,2015-03-25,3.600000,3.600000,3.600000,3.600000,3.600000,0.000000,119000.000000,428350.000000
hk00573,2015-03-24,3.550000,3.740000,3.550000,3.600000,3.580000,0.005587,21000.000000,77550.000000
hk00573,2015-03-23,3.870000,3.870000,3.550000,3.580000,3.600000,-0.005556,34000.000000,122570.000000
hk00573,2015-03-20,3.470000,3.600000,3.470000,3.600000,3.560000,0.011236,1465000.000000,5153710.000000
hk00573,2015-03-19,3.550000,3.600000,3.530000,3.560000,3.550000,0.002817,129000.000000,459350.000000
hk00573,2015-03-18,3.550000,3.550000,3.550000,3.550000,3.570000,-0.005602,20000.000000,71000.000000
hk00573,2015-03-17,3.550000,3.570000,3.550000,3.570000,3.400000,0.050000,158000.000000,561300.000000
hk00573,2015-03-16,3.400000,3.400000,3.400000,3.400000,3.510000,-0.031339,4000.000000,13600.000000
hk00573,2015-03-13,3.500000,3.500000,3.480000,3.510000,3.550000,-0.011268,16000.000000,55760.000000
hk00573,2015-03-12,3.640000,3.650000,3.550000,3.550000,3.550000,0.000000,31000.000000,112230.000000
hk00573,2015-03-11,3.560000,3.560000,3.550000,3.550000,3.550000,0.000000,20000.000000,71050.000000
hk00573,2015-03-10,3.620000,3.620000,3.450000,3.550000,3.650000,-0.027397,16000.000000,56450.000000
hk00573,2015-03-09,3.560000,3.780000,3.400000,3.650000,3.590000,0.016713,222000.000000,788410.000000
hk00573,2015-03-06,3.520000,3.600000,3.520000,3.590000,3.500000,0.025714,275000.000000,968910.000000
hk00573,2015-03-05,3.440000,3.500000,3.400000,3.500000,3.390000,0.032448,240000.000000,833320.000000
hk00573,2015-03-04,3.470000,3.470000,3.390000,3.390000,3.390000,0.000000,11000.000000,37370.000000
hk00573,2015-03-03,3.400000,3.420000,3.390000,3.390000,3.370000,0.005935,560000.000000,1903610.000000
hk00573,2015-03-02,3.380000,3.400000,3.340000,3.370000,3.390000,-0.005900,93000.000000,313580.000000
hk00573,2015-02-27,3.380000,3.400000,3.330000,3.390000,3.380000,0.002959,151000.000000,510580.000000
hk00573,2015-02-26,3.330000,3.400000,3.310000,3.380000,3.330000,0.015015,61000.000000,204090.000000
hk00573,2015-02-25,3.310000,3.500000,3.310000,3.330000,3.310000,0.006042,52000.000000,172780.000000
hk00573,2015-02-24,3.300000,3.350000,3.280000,3.310000,3.300000,0.003030,304000.000000,1005690.000000
hk00573,2015-02-23,3.300000,3.340000,3.300000,3.300000,3.340000,-0.011976,1180000.000000,3900000.000000
hk00573,2015-02-17,3.350000,3.350000,3.340000,3.340000,3.380000,-0.011834,42000.000000,140690.000000
hk00573,2015-02-16,3.350000,3.710000,3.350000,3.380000,3.340000,0.011976,100000.000000,343890.000000
hk00573,2015-02-13,3.350000,3.350000,3.340000,3.340000,3.340000,0.000000,36000.000000,120370.000000
hk00573,2015-02-12,3.380000,3.380000,3.340000,3.340000,3.320000,0.006024,11000.000000,36840.000000
hk00573,2015-02-11,3.300000,3.320000,3.300000,3.320000,3.320000,0.000000,31000.000000,102800.000000
hk00573,2015-02-10,3.340000,3.350000,3.320000,3.320000,3.340000,-0.005988,50000.000000,166240.000000
hk00573,2015-02-09,3.350000,3.450000,3.250000,3.340000,3.450000,-0.031884,52000.000000,174020.000000
hk00573,2015-02-06,3.400000,3.450000,3.400000,3.450000,3.400000,0.014706,111000.000000,382100.000000
hk00573,2015-02-05,3.400000,3.400000,3.220000,3.400000,3.450000,-0.014493,473000.000000,1587250.000000
hk00573,2015-02-02,3.430000,3.500000,3.400000,3.500000,3.440000,0.017442,48000.000000,164830.000000
hk00573,2015-01-30,3.450000,3.450000,3.440000,3.440000,3.450000,-0.002899,37000.000000,127540.000000
hk00573,2015-01-29,3.450000,3.450000,3.450000,3.450000,3.420000,0.008772,55000.000000,189750.000000
hk00573,2015-01-28,3.420000,3.450000,3.400000,3.420000,3.450000,-0.008696,73000.000000,249130.000000
hk00573,2015-01-27,3.460000,3.460000,3.430000,3.450000,3.450000,0.000000,47000.000000,162180.000000
hk00573,2015-01-26,3.500000,3.520000,3.450000,3.450000,3.510000,-0.017094,127000.000000,443190.000000
hk00573,2015-01-23,3.500000,3.510000,3.500000,3.510000,3.500000,0.002857,24000.000000,84100.000000
hk00573,2015-01-22,3.500000,3.500000,3.500000,3.500000,3.500000,0.000000,32353.000000,113228.440000
hk00573,2015-01-21,3.540000,3.550000,3.500000,3.500000,3.500000,0.000000,180000.000000,630730.000000
hk00573,2015-01-20,3.500000,3.510000,3.480000,3.500000,3.610000,-0.030471,78000.000000,272580.000000
hk00573,2015-01-19,3.520000,3.610000,3.400000,3.610000,3.620000,-0.002762,230000.000000,806770.000000
hk00573,2015-01-16,3.550000,3.620000,3.500000,3.620000,3.600000,0.005556,168000.000000,594910.000000
hk00573,2015-01-15,3.580000,3.610000,3.580000,3.600000,3.620000,-0.005525,60000.000000,215740.000000
hk00573,2015-01-14,3.600000,3.680000,3.480000,3.620000,3.650000,-0.008219,432000.000000,1538190.000000
hk00573,2015-01-13,3.670000,3.680000,3.560000,3.650000,3.700000,-0.013514,14000.000000,51220.000000
hk00573,2015-01-12,3.560000,3.700000,3.560000,3.700000,3.690000,0.002710,32000.000000,117890.000000
hk00573,2015-01-09,3.610000,3.690000,3.610000,3.690000,3.650000,0.010959,6000.000000,22060.000000
hk00573,2015-01-08,3.600000,3.650000,3.580000,3.650000,3.600000,0.013889,34000.000000,122430.000000
hk00573,2015-01-07,3.700000,3.750000,3.600000,3.600000,3.700000,-0.027027,127000.000000,463180.000000
hk00573,2015-01-06,3.650000,3.750000,3.650000,3.700000,3.800000,-0.026316,16000.000000,59440.000000
hk00573,2015-01-05,3.800000,3.850000,3.660000,3.800000,3.800000,0.000000,61000.000000,231630.000000
hk00573,2015-01-02,3.820000,3.850000,3.800000,3.800000,3.630000,0.046832,22000.000000,84540.000000
hk00573,2014-12-31,3.630000,3.630000,3.630000,3.630000,3.830000,-0.052219,3000.000000,10890.000000
hk00573,2014-12-30,3.700000,3.830000,3.700000,3.830000,3.740000,0.024064,74000.000000,279750.000000
hk00573,2014-12-29,3.700000,3.750000,3.650000,3.740000,3.750000,-0.002667,27000.000000,100280.000000
hk00573,2014-12-24,3.730000,3.750000,3.520000,3.750000,3.720000,0.008065,37000.000000,136350.000000
hk00573,2014-12-23,3.720000,3.750000,3.690000,3.720000,3.700000,0.005405,50000.000000,186030.000000
hk00573,2014-12-22,3.600000,3.700000,3.600000,3.700000,3.600000,0.027778,22000.000000,80000.000000
hk00573,2014-12-19,3.570000,3.600000,3.570000,3.600000,3.680000,-0.021739,10000.000000,35760.000000
hk00573,2014-12-18,3.690000,3.690000,3.520000,3.680000,3.690000,-0.002710,8000.000000,29300.000000
hk00573,2014-12-16,3.700000,3.710000,3.690000,3.690000,3.700000,-0.002703,24000.000000,88880.000000
hk00573,2014-12-15,3.700000,3.700000,3.610000,3.700000,3.700000,0.000000,51000.000000,187530.000000
hk00573,2014-12-12,3.700000,3.800000,3.700000,3.700000,3.760000,-0.015957,208000.000000,772530.000000
hk00573,2014-12-11,3.810000,3.810000,3.760000,3.760000,3.890000,-0.033419,18000.000000,68300.000000
hk00573,2014-12-10,3.900000,3.900000,3.780000,3.890000,3.880000,0.002577,23000.000000,88910.000000
hk00573,2014-12-09,3.800000,3.900000,3.760000,3.880000,3.810000,0.018373,37000.000000,141060.000000
hk00573,2014-12-08,3.870000,3.870000,3.800000,3.810000,3.870000,-0.015504,22000.000000,84880.000000
hk00573,2014-12-05,3.620000,3.960000,3.620000,3.870000,4.000000,-0.032500,110000.000000,420720.000000
hk00573,2014-12-04,3.960000,4.000000,3.960000,4.000000,4.000000,0.000000,2000.000000,7960.000000
hk00573,2014-12-03,4.000000,4.010000,4.000000,4.000000,4.080000,-0.019608,196000.000000,784050.000000
hk00573,2014-12-02,4.100000,4.100000,4.080000,4.080000,4.030000,0.012407,11000.000000,44900.000000
hk00573,2014-12-01,4.050000,4.050000,4.000000,4.030000,4.040000,-0.002475,155000.000000,624370.000000
hk00573,2014-11-28,4.030000,4.050000,4.030000,4.040000,4.050000,-0.002469,153000.000000,618650.000000
hk00573,2014-11-27,4.010000,4.090000,4.010000,4.050000,3.920000,0.033163,55000.000000,223780.000000
hk00573,2014-11-26,4.000000,4.000000,3.910000,3.920000,3.960000,-0.010101,160000.000000,637390.000000
hk00573,2014-11-25,3.950000,3.960000,3.950000,3.960000,4.030000,-0.017370,4000.000000,15830.000000
hk00573,2014-11-24,3.940000,4.030000,3.940000,4.030000,4.030000,0.000000,14000.000000,56250.000000
hk00573,2014-11-19,3.950000,4.030000,3.940000,4.030000,4.030000,0.000000,7000.000000,28030.000000
hk00573,2014-11-18,4.000000,4.030000,3.940000,4.030000,4.000000,0.007500,43000.000000,172240.000000
hk00573,2014-11-17,4.040000,4.040000,4.000000,4.000000,4.000000,0.000000,12000.000000,48240.000000
hk00573,2014-11-14,4.000000,4.000000,4.000000,4.000000,4.000000,0.000000,4000.000000,16000.000000
hk00573,2014-11-13,4.000000,4.000000,4.000000,4.000000,4.040000,-0.009901,13000.000000,52000.000000
hk00573,2014-11-11,4.059000,4.090000,3.990000,4.090000,4.040000,0.012376,64000.000000,261460.000000
hk00573,2014-11-10,3.950000,4.070000,3.950000,4.040000,3.990000,0.012531,4000.000000,16040.000000
hk00573,2014-11-07,4.000000,4.090000,3.960000,3.990000,4.090000,-0.024450,41000.000000,166050.000000
hk00573,2014-11-06,3.950000,4.090000,3.950000,4.090000,4.090000,0.000000,21000.000000,85590.000000
hk00573,2014-11-05,3.930000,4.090000,3.920000,4.090000,4.090000,0.000000,13000.000000,52660.000000
hk00573,2014-11-04,4.000000,4.090000,4.000000,4.090000,4.090000,0.000000,21000.000000,85700.000000
hk00573,2014-10-31,4.070000,4.100000,3.900000,4.090000,4.070000,0.004914,27000.000000,109950.000000
hk00573,2014-10-30,3.890000,4.070000,3.880000,4.070000,4.000000,0.017500,303000.000000,1181330.000000
hk00573,2014-10-29,4.000000,4.000000,4.000000,4.000000,4.010000,-0.002494,2000.000000,8000.000000
hk00573,2014-10-28,3.960000,4.010000,3.960000,4.010000,3.910000,0.025575,6000.000000,24010.000000
hk00573,2014-10-27,3.910000,4.090000,3.900000,3.910000,4.000000,-0.022500,54000.000000,211270.000000
hk00573,2014-10-24,4.000000,4.100000,3.950000,4.000000,4.050000,-0.012346,114000.000000,456220.000000
hk00573,2014-10-23,3.900000,4.050000,3.900000,4.050000,4.050000,0.000000,24000.000000,96600.000000
hk00573,2014-10-22,4.050000,4.050000,4.050000,4.050000,4.050000,0.000000,10000.000000,40500.000000
hk00573,2014-10-20,4.050000,4.050000,4.050000,4.050000,4.000000,0.012500,1000.000000,4050.000000
hk00573,2014-10-17,3.950000,4.050000,3.950000,4.000000,4.000000,0.000000,21000.000000,84950.000000
hk00573,2014-10-16,4.000000,4.000000,4.000000,4.000000,4.050000,-0.012346,1000.000000,4000.000000
hk00573,2014-10-15,3.900000,4.090000,3.900000,4.050000,4.100000,-0.012195,47000.000000,187580.000000
hk00573,2014-10-10,4.090000,4.110000,4.090000,4.100000,4.200000,-0.023810,89000.000000,364520.000000
hk00573,2014-10-09,4.200000,4.200000,4.200000,4.200000,4.100000,0.024390,59000.000000,247800.000000
hk00573,2014-10-08,4.130000,4.200000,4.090000,4.100000,4.200000,-0.023810,78000.000000,321350.000000
hk00573,2014-10-06,4.100000,4.200000,4.100000,4.200000,4.110000,0.021898,13000.000000,54180.000000
hk00573,2014-10-03,4.100000,4.200000,4.100000,4.110000,4.320000,-0.048611,29000.000000,119750.000000
hk00573,2014-09-30,4.130000,4.310000,4.120000,4.320000,4.100000,0.053659,14000.000000,58450.000000
hk00573,2014-09-29,4.230000,4.230000,4.059000,4.100000,4.390000,-0.066059,23000.000000,96000.000000
hk00573,2014-09-26,4.400000,4.410000,4.280000,4.390000,4.350000,0.009195,32000.000000,139210.000000
hk00573,2014-09-23,4.350000,4.350000,4.350000,4.350000,4.350000,0.000000,1000.000000,4350.000000
hk00573,2014-09-22,4.350000,4.350000,4.350000,4.350000,4.400000,-0.011364,20000.000000,87000.000000
hk00573,2014-09-19,4.400000,4.400000,4.360000,4.400000,4.400000,0.000000,28000.000000,123150.000000
hk00573,2014-09-17,4.330000,4.400000,4.330000,4.400000,4.390000,0.002278,38000.000000,165380.000000
hk00573,2014-09-15,4.390000,4.400000,4.380000,4.390000,4.370000,0.004577,12000.000000,52640.000000
hk00573,2014-09-12,4.340000,4.500000,4.340000,4.370000,4.400000,-0.006818,19000.000000,84860.000000
hk00573,2014-09-11,4.380000,4.400000,4.380000,4.400000,4.340000,0.013825,29000.000000,127330.000000
hk00573,2014-09-10,4.370000,4.390000,4.310000,4.340000,4.350000,-0.002299,10000.000000,43600.000000
hk00573,2014-09-08,4.320000,4.350000,4.320000,4.350000,4.370000,-0.004577,11000.000000,47820.000000
hk00573,2014-09-05,4.300000,4.370000,4.300000,4.370000,4.300000,0.016279,4373000.000000,18366870.000000
hk00573,2014-09-04,4.300000,4.410000,4.300000,4.300000,4.300000,0.000000,83000.000000,363530.000000
hk00573,2014-09-03,4.330000,4.330000,4.300000,4.300000,4.120000,0.043689,275000.000000,1179118.000000
hk00573,2014-09-02,4.320000,4.320000,4.110000,4.120000,4.330000,-0.048499,95000.000000,407170.000000
hk00573,2014-09-01,4.360000,4.400000,4.300000,4.330000,4.360000,-0.006881,54000.000000,236090.000000
hk00573,2014-08-29,4.370000,4.370000,4.360000,4.360000,4.380000,-0.004566,24000.000000,104670.000000
hk00573,2014-08-28,4.370000,4.400000,4.360000,4.380000,4.370000,0.002288,52000.000000,227880.000000
hk00573,2014-08-27,4.380000,4.400000,4.360000,4.370000,4.360000,0.002294,58000.000000,253740.000000
hk00573,2014-08-26,4.350000,4.360000,4.350000,4.360000,4.370000,-0.002288,16000.000000,69700.000000
hk00573,2014-08-25,4.360000,4.390000,4.350000,4.370000,4.370000,0.000000,54000.000000,235990.000000
hk00573,2014-08-22,4.370000,4.370000,4.370000,4.370000,4.370000,0.000000,30000.000000,131100.000000
hk00573,2014-08-21,4.450000,4.450000,4.370000,4.370000,4.390000,-0.004556,7000.000000,30710.000000
hk00573,2014-08-20,4.390000,4.390000,4.360000,4.390000,4.360000,0.006881,1592000.000000,6941560.000000
hk00573,2014-08-19,4.400000,4.400000,4.360000,4.360000,4.360000,0.000000,586000.000000,2576290.000000
hk00573,2014-08-18,4.360000,4.360000,4.360000,4.360000,4.360000,0.000000,30000.000000,130800.000000
hk00573,2014-08-15,4.410000,4.410000,4.350000,4.360000,4.400000,-0.009091,69000.000000,302830.000000
hk00573,2014-08-14,4.400000,4.400000,4.300000,4.400000,4.380000,0.004566,32000.000000,139650.000000
hk00573,2014-08-13,4.420000,4.420000,4.380000,4.380000,4.400000,-0.004545,108000.000000,475180.000000
hk00573,2014-08-12,4.450000,4.450000,4.400000,4.400000,4.450000,-0.011236,241000.000000,1069150.000000
hk00573,2014-08-11,4.540000,4.540000,4.450000,4.450000,4.470000,-0.004474,32000.000000,142590.000000
hk00573,2014-08-08,4.450000,4.460000,4.450000,4.470000,4.450000,0.004494,48000.000000,213790.000000
hk00573,2014-08-07,4.450000,4.460000,4.450000,4.450000,4.450000,0.000000,91000.000000,405060.000000
hk00573,2014-08-06,4.450000,4.500000,4.450000,4.450000,4.450000,0.000000,292000.000000,1300370.000000
hk00573,2014-08-05,4.560000,4.560000,4.450000,4.450000,4.570000,-0.026258,117000.000000,531650.000000
hk00573,2014-08-04,4.580000,4.580000,4.500000,4.570000,4.660000,-0.019313,57000.000000,257730.000000
hk00573,2014-08-01,4.660000,4.660000,4.660000,4.660000,4.660000,0.000000,9000.000000,41940.000000
hk00573,2014-07-31,4.610000,4.660000,4.610000,4.660000,4.610000,0.010846,4000.000000,18580.000000
hk00573,2014-07-30,4.600000,4.610000,4.600000,4.610000,4.600000,0.002174,4000.000000,18410.000000
hk00573,2014-07-29,4.800000,4.800000,4.620000,4.600000,4.780000,-0.037657,60000.000000,281990.000000
hk00573,2014-07-28,4.680000,4.780000,4.660000,4.780000,4.690000,0.019190,23000.000000,109030.000000
hk00573,2014-07-25,4.690000,4.780000,4.660000,4.690000,4.660000,0.006438,93000.000000,439520.000000
hk00573,2014-07-24,0.000000,0.000000,0.000000,4.660000,4.660000,0.000000,800000.000000,3776000.000000
hk00573,2014-07-23,4.660000,4.720000,4.660000,4.660000,4.660000,0.000000,3313000.000000,15637180.000000
hk00573,2014-07-22,4.720000,4.750000,4.650000,4.660000,4.700000,-0.008511,2041000.000000,9633120.000000
hk00573,2014-07-21,4.700000,4.700000,4.700000,4.700000,4.700000,0.000000,19000.000000,89300.000000
hk00573,2014-07-18,4.700000,4.700000,4.700000,4.700000,4.610000,0.019523,10000.000000,47000.000000
hk00573,2014-07-17,4.700000,4.750000,4.610000,4.610000,4.700000,-0.019149,134000.000000,630360.000000
hk00573,2014-07-16,4.700000,4.700000,4.700000,4.700000,4.800000,-0.020833,11000.000000,51700.000000
hk00573,2014-07-15,4.750000,4.800000,4.750000,4.800000,4.720000,0.016949,73000.000000,349730.000000
hk00573,2014-07-11,4.610000,4.790000,4.610000,4.720000,4.610000,0.023861,86000.000000,404170.000000
hk00573,2014-07-10,4.610000,4.630000,4.600000,4.610000,4.600000,0.002174,44000.000000,202670.000000
hk00573,2014-07-09,4.600000,4.600000,4.490000,4.600000,4.580000,0.004367,258000.000000,1183930.000000
hk00573,2014-07-07,4.600000,4.600000,4.580000,4.580000,4.620000,-0.008658,60000.000000,275920.000000
hk00573,2014-07-04,4.550000,4.620000,4.510000,4.620000,4.510000,0.024390,208000.000000,947270.000000
hk00573,2014-07-03,4.520000,4.520000,4.500000,4.510000,4.480000,0.006696,59000.000000,265720.000000
hk00573,2014-07-02,4.400000,4.480000,4.400000,4.480000,4.400000,0.018182,45000.000000,200500.000000
hk00573,2014-06-30,4.350000,4.400000,4.350000,4.400000,4.340000,0.013825,3000.000000,13150.000000
hk00573,2014-06-27,4.360000,4.360000,4.300000,4.340000,4.400000,-0.013636,90000.000000,388840.000000
hk00573,2014-06-26,4.390000,4.480000,4.390000,4.400000,4.390000,0.002278,18000.000000,79120.000000
hk00573,2014-06-25,4.390000,4.390000,4.390000,4.390000,4.500000,-0.024444,3000.000000,13390.000000
hk00573,2014-06-24,4.460000,4.550000,4.390000,4.500000,4.500000,0.000000,52000.000000,233690.000000
hk00573,2014-06-23,4.520000,4.520000,4.500000,4.500000,4.520000,-0.004425,68000.000000,307160.000000
hk00573,2014-06-20,4.460000,4.610000,4.460000,4.520000,4.660000,-0.030043,367000.000000,1677200.000000
hk00573,2014-06-19,4.650000,4.800000,4.630000,4.660000,4.650000,0.002151,213000.000000,990510.000000
hk00573,2014-06-18,4.630000,4.740000,4.630000,4.650000,4.650000,0.000000,186000.000000,864860.000000
hk00573,2014-06-17,4.610000,4.650000,4.600000,4.650000,4.710000,-0.012739,106000.000000,492670.000000
hk00573,2014-06-16,4.650000,4.710000,4.650000,4.710000,4.650000,0.012903,8000.000000,37320.000000
hk00573,2014-06-13,4.650000,4.710000,4.580000,4.650000,4.610000,0.008677,139000.000000,643640.000000
hk00573,2014-06-12,4.630000,4.630000,4.610000,4.610000,4.670000,-0.012848,11000.000000,50820.000000
hk00573,2014-06-11,4.640000,4.730000,4.630000,4.670000,4.730000,-0.012685,268000.000000,1261910.000000
hk00573,2014-06-10,4.610000,4.740000,4.610000,4.730000,4.740000,-0.002110,61000.000000,286440.000000
hk00573,2014-06-09,4.580000,4.740000,4.580000,4.740000,4.600000,0.030435,6000.000000,28280.000000
hk00573,2014-06-06,4.650000,4.650000,4.590000,4.600000,4.650000,-0.010753,19000.000000,88120.000000
hk00573,2014-06-05,4.650000,4.650000,4.650000,4.650000,4.550000,0.021978,60000.000000,279000.000000
hk00573,2014-06-04,4.630000,4.640000,4.460000,4.550000,4.650000,-0.021505,88000.000000,405810.000000
hk00573,2014-06-03,4.630000,4.740000,4.630000,4.650000,4.740000,-0.018987,144000.000000,672950.000000
hk00573,2014-05-30,4.750000,4.750000,4.600000,4.740000,4.790000,-0.010438,6000.000000,28130.000000
hk00573,2014-05-29,4.680000,4.790000,4.600000,4.790000,4.720000,0.014831,8000.000000,37170.000000
hk00573,2014-05-28,4.720000,4.730000,4.700000,4.720000,4.880000,-0.032787,1256000.000000,5948140.000000
hk00573,2014-05-27,4.760000,4.760000,4.680000,4.880000,4.740000,0.029536,410000.000000,1936140.000000
hk00573,2014-05-26,4.760000,4.790000,4.700000,4.740000,4.760000,-0.004202,39000.000000,183950.000000
hk00573,2014-05-23,4.810000,4.810000,4.650000,4.760000,4.810000,-0.010395,248000.000000,1187940.000000
hk00573,2014-05-22,4.790000,4.810000,4.790000,4.810000,4.820000,-0.002075,9000.000000,43250.000000
hk00573,2014-05-20,4.800000,4.800000,4.800000,4.810000,4.800000,0.002083,81235.000000,390249.000000
hk00573,2014-05-19,4.810000,4.810000,4.800000,4.800000,4.780000,0.004184,37000.000000,177670.000000
hk00573,2014-05-16,4.790000,4.790000,4.780000,4.780000,4.860000,-0.016461,31000.000000,148280.000000
hk00573,2014-05-14,4.850000,4.870000,4.800000,4.870000,4.990000,-0.024048,180000.000000,870380.000000
hk00573,2014-05-13,4.910000,5.000000,4.750000,4.990000,4.900000,0.018367,260000.000000,1267440.000000
hk00573,2014-05-12,4.900000,4.900000,4.900000,4.900000,4.950000,-0.010101,4372.000000,21300.000000
hk00573,2014-05-09,4.910000,5.030000,4.910000,4.950000,5.000000,-0.010000,19000.000000,94170.000000
hk00573,2014-05-08,4.950000,5.000000,4.950000,5.000000,5.000000,0.000000,40000.000000,199000.000000
hk00573,2014-05-07,4.950000,5.000000,4.940000,5.000000,4.950000,0.010101,74000.000000,368440.000000
hk00573,2014-05-05,4.980000,5.000000,4.940000,4.950000,5.040000,-0.017857,67000.000000,332700.000000
hk00573,2014-05-02,4.970000,5.040000,4.970000,5.040000,4.970000,0.014085,225000.000000,1125390.000000
hk00573,2014-04-30,4.820000,5.000000,4.820000,4.970000,5.000000,-0.006000,38000.000000,189650.000000
hk00573,2014-04-29,5.000000,5.010000,5.000000,5.000000,5.010000,-0.001996,114000.000000,570010.000000
hk00573,2014-04-28,5.000000,5.080000,5.000000,5.010000,5.000000,0.002000,182000.000000,910090.000000
hk00573,2014-04-25,5.010000,5.010000,4.950000,5.000000,4.990000,0.002004,149000.000000,744420.000000
hk00573,2014-04-24,5.040000,5.040000,5.030000,4.990000,5.030000,-0.007952,14000.000000,70550.000000
hk00573,2014-04-23,5.040000,5.040000,5.040000,5.030000,5.040000,-0.001984,83000.000000,418320.000000
hk00573,2014-04-22,5.110000,5.110000,5.040000,5.040000,5.000000,0.008000,74000.000000,377060.000000
hk00573,2014-04-17,4.900000,5.000000,4.900000,5.000000,5.050000,-0.009901,19500.000000,96770.000000
hk00573,2014-04-16,5.000000,5.100000,5.000000,5.050000,4.970000,0.016097,67000.000000,335300.000000
hk00573,2014-04-15,4.950000,5.000000,4.950000,4.970000,5.000000,-0.006000,52000.000000,259120.000000
hk00573,2014-04-14,5.160000,5.160000,4.810000,5.000000,5.190000,-0.036609,134000.000000,678280.000000
hk00573,2014-04-11,5.200000,5.280000,5.190000,5.190000,5.160000,0.005814,42000.000000,220020.000000
hk00573,2014-04-10,5.150000,5.200000,5.150000,5.160000,5.160000,0.000000,44000.000000,227700.000000
hk00573,2014-04-09,5.180000,5.220000,5.160000,5.160000,5.170000,-0.001934,38000.000000,197390.000000
hk00573,2014-04-08,5.170000,5.180000,5.170000,5.170000,5.120000,0.009766,14000.000000,72400.000000
hk00573,2014-04-04,5.120000,5.120000,5.040000,5.120000,5.030000,0.017893,52000.000000,264010.000000
hk00573,2014-04-03,5.010000,5.100000,5.000000,5.030000,5.040000,-0.001984,36000.000000,180890.000000
hk00573,2014-04-02,4.940000,5.110000,4.940000,5.040000,5.110000,-0.013699,34000.000000,170370.000000
hk00573,2014-04-01,5.120000,5.120000,4.890000,5.110000,5.120000,-0.001953,23000.000000,115100.000000
hk00573,2014-03-31,5.000000,5.120000,4.910000,5.120000,5.050000,0.013861,43000.000000,217260.000000
hk00573,2014-03-28,5.010000,5.100000,4.980000,5.050000,5.000000,0.010000,615000.000000,3076630.000000
hk00573,2014-03-27,4.990000,5.020000,4.950000,5.000000,5.000000,0.000000,71000.000000,353770.000000
hk00573,2014-03-25,4.950000,5.000000,4.950000,5.000000,5.000000,0.000000,95000.000000,474400.000000
hk00573,2014-03-24,5.000000,5.000000,4.970000,5.000000,5.000000,0.000000,609000.000000,3044470.000000
hk00573,2014-03-21,5.190000,5.190000,4.950000,5.000000,5.050000,-0.009901,341000.000000,1716320.000000
hk00573,2014-03-20,5.060000,5.340000,5.050000,5.050000,5.130000,-0.015595,65000.000000,334780.000000
hk00573,2014-03-19,4.950000,5.200000,4.950000,5.130000,4.900000,0.046939,183000.000000,923010.000000
hk00573,2014-03-18,4.970000,4.970000,4.880000,4.900000,4.970000,-0.014085,121000.000000,594840.000000
hk00573,2014-03-17,4.960000,4.970000,4.950000,4.970000,4.950000,0.004040,56000.000000,277800.000000
hk00573,2014-03-14,4.950000,4.950000,4.950000,4.950000,4.980000,-0.006024,62000.000000,306900.000000
hk00573,2014-03-13,5.000000,5.000000,4.980000,4.980000,5.020000,-0.007968,152000.000000,759960.000000
hk00573,2014-03-12,5.010000,5.020000,5.010000,5.020000,5.100000,-0.015686,33000.000000,165580.000000
hk00573,2014-03-11,5.050000,5.190000,5.050000,5.100000,4.910000,0.038697,790000.000000,3923560.000000
hk00573,2014-03-10,5.100000,5.190000,4.900000,4.910000,5.190000,-0.053950,71000.000000,357750.000000
hk00573,2014-03-07,5.140000,5.200000,5.140000,5.190000,5.150000,0.007767,375000.000000,1944260.000000
hk00573,2014-03-06,5.390000,5.390000,5.080000,5.150000,5.400000,-0.046296,140000.000000,733980.000000
hk00573,2014-03-05,5.470000,5.470000,5.470000,5.400000,5.470000,-0.012797,12000.000000,65640.000000
hk00573,2014-03-04,5.300000,5.470000,5.220000,5.470000,5.200000,0.051923,49000.000000,259150.000000
hk00573,2014-03-03,5.220000,5.270000,5.160000,5.200000,5.210000,-0.001919,742000.000000,3862840.000000
hk00573,2014-02-28,5.200000,5.270000,5.200000,5.210000,5.180000,0.005792,5247.000000,27477.000000
hk00573,2014-02-27,5.310000,5.310000,5.100000,5.180000,5.200000,-0.003846,248237.000000,1300772.000000
hk00573,2014-02-26,5.250000,5.300000,5.100000,5.200000,5.310000,-0.020716,355000.000000,1846860.000000
hk00573,2014-02-25,5.310000,5.310000,5.100000,5.310000,5.310000,0.000000,237000.000000,1244670.000000
hk00573,2014-02-24,5.190000,5.320000,5.190000,5.310000,5.240000,0.013359,156000.000000,817150.000000
hk00573,2014-02-21,5.490000,5.490000,5.050000,5.240000,5.450000,-0.038532,48000.000000,255120.000000
hk00573,2014-02-20,5.400000,5.460000,5.380000,5.450000,5.380000,0.013011,98162.000000,532105.000000
hk00573,2014-02-19,5.410000,5.410000,5.360000,5.380000,5.400000,-0.003704,9000.000000,48550.000000
hk00573,2014-02-18,5.300000,5.580000,5.300000,5.400000,5.350000,0.009346,143000.000000,774390.000000
hk00573,2014-02-17,5.490000,5.490000,5.350000,5.350000,5.490000,-0.025501,17119.000000,93418.000000
hk00573,2014-02-14,5.570000,5.640000,5.350000,5.490000,5.550000,-0.010811,133000.000000,731580.000000
hk00573,2014-02-13,5.450000,5.560000,5.220000,5.550000,5.380000,0.031599,944000.000000,5235185.000000
hk00573,2014-02-12,5.330000,5.380000,5.330000,5.380000,5.330000,0.009381,34000.000000,181380.000000
hk00573,2014-02-11,5.340000,5.340000,5.330000,5.330000,5.350000,-0.003738,3000.000000,16010.000000
hk00573,2014-02-10,5.350000,5.380000,5.350000,5.350000,5.280000,0.013258,12000.000000,64260.000000
hk00573,2014-02-07,5.270000,5.280000,5.270000,5.280000,5.220000,0.011494,5000.000000,26360.000000
hk00573,2014-02-06,5.230000,5.230000,5.220000,5.220000,5.260000,-0.007605,16000.000000,83540.000000
hk00573,2014-02-05,5.400000,5.400000,5.260000,5.260000,5.400000,-0.025926,20000.000000,107540.000000
hk00573,2014-02-04,5.590000,5.600000,5.260000,5.400000,5.570000,-0.030521,991000.000000,5310520.000000
hk00573,2014-01-28,5.560000,5.600000,5.560000,5.590000,5.600000,-0.001786,6000.000000,33500.000000
hk00573,2014-01-24,5.600000,5.600000,5.600000,5.600000,5.660000,-0.010601,8500.000000,47625.000000
hk00573,2014-01-23,5.670000,5.700000,5.620000,5.660000,5.670000,-0.001764,131000.000000,743540.000000
hk00573,2014-01-22,5.680000,5.700000,5.640000,5.670000,5.690000,-0.003515,17000.000000,96400.000000
hk00573,2014-01-21,5.760000,5.780000,5.690000,5.690000,5.760000,-0.012153,60000.000000,342410.000000
hk00573,2014-01-20,5.760000,5.760000,5.750000,5.760000,5.760000,0.000000,37000.000000,213090.000000
hk00573,2014-01-17,5.730000,5.750000,5.730000,5.760000,5.790000,-0.005181,21000.000000,120390.000000
hk00573,2014-01-16,5.730000,5.790000,5.720000,5.790000,5.730000,0.010471,22000.000000,127130.000000
hk00573,2014-01-15,5.800000,5.800000,5.710000,5.730000,5.710000,0.003503,46000.000000,266710.000000
hk00573,2014-01-14,5.750000,5.790000,5.710000,5.710000,5.750000,-0.006957,73000.000000,419830.000000
hk00573,2014-01-13,5.680000,5.750000,5.680000,5.750000,5.800000,-0.008621,53000.000000,306870.000000
hk00573,2014-01-10,5.700000,5.920000,5.700000,5.800000,5.720000,0.013986,79000.000000,459580.000000
hk00573,2014-01-09,5.650000,5.720000,5.650000,5.720000,5.640000,0.014184,72000.000000,408450.000000
hk00573,2014-01-08,5.630000,5.670000,5.630000,5.640000,5.750000,-0.019130,119000.000000,674440.000000
hk00573,2014-01-07,5.720000,5.770000,5.620000,5.750000,5.750000,0.000000,206000.000000,1183020.000000
hk00573,2014-01-06,5.740000,5.750000,5.610000,5.750000,5.770000,-0.003466,167000.000000,959450.000000
hk00573,2014-01-03,5.700000,5.770000,5.580000,5.770000,5.730000,0.006981,156000.000000,890350.000000
hk00573,2014-01-02,5.760000,5.760000,5.700000,5.730000,5.760000,-0.005208,256000.000000,1460970.000000
hk00573,2013-12-31,5.700000,5.760000,5.650000,5.760000,5.790000,-0.005181,13000.000000,74470.000000
hk00573,2013-12-30,5.780000,5.850000,5.590000,5.790000,5.800000,-0.001724,162000.000000,931380.000000
hk00573,2013-12-27,5.770000,5.800000,5.700000,5.800000,5.700000,0.017544,146000.000000,836935.000000
hk00573,2013-12-24,5.710000,5.790000,5.680000,5.700000,5.750000,-0.008696,56503.000000,321997.000000
hk00573,2013-12-23,5.550000,5.950000,5.550000,5.750000,5.770000,-0.003466,186000.000000,1069100.000000
hk00573,2013-12-20,5.650000,5.960000,5.650000,5.770000,5.650000,0.021239,51000.000000,294780.000000
hk00573,2013-12-19,5.690000,5.690000,5.650000,5.650000,5.650000,0.000000,6000.000000,33940.000000
hk00573,2013-12-18,5.500000,5.640000,5.500000,5.650000,5.610000,0.007130,7000.000000,39280.000000
hk00573,2013-12-17,5.650000,5.650000,5.500000,5.610000,5.660000,-0.008834,359000.000000,1984500.000000
hk00573,2013-12-16,5.680000,5.690000,5.630000,5.660000,5.710000,-0.008757,56000.000000,316700.000000
hk00573,2013-12-13,5.700000,5.750000,5.690000,5.710000,5.800000,-0.015517,475000.000000,2731190.000000
hk00573,2013-12-12,5.800000,5.810000,5.790000,5.800000,5.850000,-0.008547,47000.000000,272630.000000
hk00573,2013-12-11,5.800000,5.850000,5.710000,5.850000,5.760000,0.015625,43020.000000,249876.000000
hk00573,2013-12-10,5.720000,5.760000,5.680000,5.760000,5.700000,0.010526,31000.000000,177970.000000
hk00573,2013-12-09,5.700000,5.700000,5.700000,5.700000,5.750000,-0.008696,9000.000000,51300.000000
hk00573,2013-12-06,5.750000,5.760000,5.710000,5.750000,5.750000,0.000000,122000.000000,701350.000000
hk00573,2013-12-05,5.760000,5.760000,5.700000,5.750000,5.740000,0.001742,146000.000000,838400.000000
hk00573,2013-12-04,5.720000,5.750000,5.650000,5.740000,5.750000,-0.001739,91000.000000,522300.000000
hk00573,2013-12-03,5.700000,5.790000,5.700000,5.750000,5.700000,0.008772,290000.000000,1663260.000000
hk00573,2013-12-02,5.800000,5.800000,5.700000,5.700000,5.800000,-0.017241,151000.000000,864600.000000
hk00573,2013-11-29,5.750000,5.850000,5.750000,5.800000,5.750000,0.008696,22000.000000,128000.000000
hk00573,2013-11-28,5.750000,5.750000,5.690000,5.750000,5.750000,0.000000,723000.000000,4154690.000000
hk00573,2013-11-27,5.750000,5.750000,5.670000,5.750000,5.750000,0.000000,90000.000000,516350.000000
hk00573,2013-11-26,5.730000,5.750000,5.730000,5.750000,5.730000,0.003490,55000.000000,316010.000000
hk00573,2013-11-25,5.710000,5.710000,5.710000,5.730000,5.800000,-0.012069,1000.000000,5710.000000
hk00573,2013-11-22,5.800000,5.800000,5.780000,5.800000,5.770000,0.005199,142000.000000,822850.000000
hk00573,2013-11-21,5.740000,5.780000,5.740000,5.770000,5.790000,-0.003454,20000.000000,115030.000000
hk00573,2013-11-20,5.780000,5.800000,5.780000,5.790000,5.790000,0.000000,400000.000000,2319930.000000
hk00573,2013-11-19,5.740000,5.810000,5.740000,5.790000,5.840000,-0.008562,214000.000000,1239910.000000
hk00573,2013-11-18,5.820000,5.880000,5.710000,5.840000,5.860000,-0.003413,176000.000000,1030090.000000
hk00573,2013-11-15,5.810000,5.860000,5.800000,5.860000,5.850000,0.001709,764000.000000,4468220.000000
hk00573,2013-11-14,5.850000,5.850000,5.790000,5.850000,5.770000,0.013865,135000.000000,786140.000000
hk00573,2013-11-13,5.870000,5.900000,5.690000,5.770000,5.870000,-0.017036,149000.000000,870510.000000
hk00573,2013-11-12,5.880000,5.880000,5.850000,5.870000,5.900000,-0.005085,116000.000000,681510.000000
hk00573,2013-11-11,5.900000,5.900000,5.700000,5.900000,5.900000,0.000000,199000.000000,1168880.000000
hk00573,2013-11-08,5.880000,5.920000,5.880000,5.900000,5.890000,0.001698,183000.000000,1079500.000000
hk00573,2013-11-07,5.900000,5.910000,5.890000,5.890000,5.900000,-0.001695,134000.000000,790410.000000
hk00573,2013-11-06,5.880000,5.920000,5.880000,5.900000,5.900000,0.000000,86000.000000,507770.000000
hk00573,2013-11-05,5.850000,5.900000,5.850000,5.900000,5.890000,0.001698,22000.000000,128750.000000
hk00573,2013-11-04,5.900000,5.900000,5.850000,5.890000,5.980000,-0.015050,27000.000000,158820.000000
hk00573,2013-11-01,5.900000,5.980000,5.900000,5.980000,5.950000,0.005042,15000.000000,88640.000000
hk00573,2013-10-31,5.900000,5.950000,5.900000,5.950000,6.000000,-0.008333,101000.000000,600730.000000
hk00573,2013-10-30,5.900000,6.020000,5.900000,6.000000,5.980000,0.003344,178000.000000,1063920.000000
hk00573,2013-10-28,6.000000,6.020000,6.000000,6.020000,6.040000,-0.003311,997000.000000,5982400.000000
hk00573,2013-10-25,5.960000,6.050000,5.960000,6.040000,5.980000,0.010033,59000.000000,355480.000000
hk00573,2013-10-24,6.100000,6.130000,5.910000,5.980000,5.950000,0.005042,326000.000000,1984990.000000
hk00573,2013-10-23,5.800000,5.950000,5.800000,5.950000,5.830000,0.020583,401000.000000,2369470.000000
hk00573,2013-10-22,5.790000,5.830000,5.780000,5.830000,5.830000,0.000000,367000.000000,2130040.000000
hk00573,2013-10-21,5.820000,5.880000,5.810000,5.830000,5.910000,-0.013536,158000.000000,922400.000000
hk00573,2013-10-18,5.800000,5.920000,5.780000,5.910000,5.840000,0.011986,202000.000000,1183300.000000
hk00573,2013-10-17,5.800000,5.840000,5.750000,5.840000,5.760000,0.013889,626900.000000,3613904.000000
hk00573,2013-10-16,5.720000,5.790000,5.720000,5.760000,5.780000,-0.003460,67000.000000,385880.000000
hk00573,2013-10-15,5.710000,5.790000,5.710000,5.780000,5.750000,0.005217,235000.000000,1359010.000000
hk00573,2013-10-11,5.720000,5.750000,5.720000,5.750000,5.740000,0.001742,46000.000000,264260.000000
hk00573,2013-10-10,5.700000,5.740000,5.700000,5.740000,5.670000,0.012346,60000.000000,343520.000000
hk00573,2013-10-09,5.700000,5.730000,5.670000,5.670000,5.780000,-0.019031,72000.000000,410720.000000
hk00573,2013-10-08,5.680000,5.790000,5.680000,5.780000,5.800000,-0.003448,31000.000000,178800.000000
hk00573,2013-10-04,5.800000,5.820000,5.790000,5.800000,5.800000,0.000000,56000.000000,324980.000000
hk00573,2013-10-03,5.680000,5.800000,5.660000,5.800000,5.600000,0.035714,39720.000000,229416.000000
hk00573,2013-10-02,5.610000,5.610000,5.480000,5.600000,5.610000,-0.001783,294000.000000,1637020.000000
hk00573,2013-09-30,5.790000,5.790000,5.600000,5.610000,5.790000,-0.031088,185000.000000,1039180.000000
hk00573,2013-09-27,5.790000,5.800000,5.720000,5.790000,5.780000,0.001730,188000.000000,1087910.000000
hk00573,2013-09-26,5.760000,5.790000,5.750000,5.780000,5.800000,-0.003448,54000.000000,311920.000000
hk00573,2013-09-25,5.700000,5.800000,5.700000,5.800000,5.750000,0.008696,150000.000000,862460.000000
hk00573,2013-09-24,5.800000,5.840000,5.750000,5.750000,5.780000,-0.005190,74000.000000,428020.000000
hk00573,2013-09-23,5.850000,5.850000,5.780000,5.780000,5.850000,-0.011966,98000.000000,569990.000000
hk00573,2013-09-19,5.950000,5.950000,5.850000,5.850000,5.800000,0.008621,919000.000000,5382190.000000
hk00573,2013-09-18,5.700000,5.800000,5.700000,5.800000,5.680000,0.021127,120000.000000,694070.000000
hk00573,2013-09-17,5.820000,5.820000,5.680000,5.680000,5.820000,-0.024055,44000.000000,252050.000000
hk00573,2013-09-16,6.300000,6.300000,5.810000,5.820000,5.890000,-0.011885,6000.000000,36930.000000
hk00573,2013-09-11,5.710000,5.890000,5.710000,5.890000,5.740000,0.026132,66720.000000,388106.000000
hk00573,2013-09-10,5.710000,5.800000,5.710000,5.740000,5.800000,-0.010345,40000.000000,230650.000000
hk00573,2013-09-09,5.800000,5.920000,5.800000,5.800000,5.720000,0.013986,20000.000000,116780.000000
hk00573,2013-09-06,5.760000,5.820000,5.720000,5.720000,5.820000,-0.017182,96000.000000,554500.000000
hk00573,2013-09-05,5.850000,5.850000,5.720000,5.820000,5.820000,0.000000,54000.000000,314360.000000
hk00573,2013-09-03,5.820000,5.890000,5.790000,5.820000,5.900000,-0.013559,30000.000000,174680.000000
hk00573,2013-09-02,5.900000,5.900000,5.900000,5.900000,5.900000,0.000000,1331368.000000,7881381.000000
hk00573,2013-08-30,5.900000,5.900000,5.900000,5.900000,5.800000,0.017241,13000.000000,76700.000000
hk00573,2013-08-28,5.750000,5.750000,5.750000,5.790000,5.930000,-0.023609,53000.000000,304750.000000
hk00573,2013-08-27,5.890000,5.940000,5.890000,5.930000,5.890000,0.006791,126000.000000,746770.000000
hk00573,2013-08-26,5.750000,5.920000,5.750000,5.890000,5.920000,-0.005068,153000.000000,899230.000000
hk00573,2013-08-23,5.930000,6.000000,5.900000,5.920000,5.960000,-0.006711,647000.000000,3828020.000000
hk00573,2013-08-21,6.000000,6.120000,5.900000,5.960000,6.050000,-0.014876,197000.000000,1183520.000000
hk00573,2013-08-20,6.050000,6.100000,5.960000,6.050000,6.020000,0.004983,202000.000000,1225950.000000
hk00573,2013-08-19,5.910000,6.020000,5.900000,6.020000,5.910000,0.018613,114000.000000,685020.000000
hk00573,2013-08-16,5.910000,5.910000,5.910000,5.910000,5.900000,0.001695,2000.000000,11820.000000
hk00573,2013-08-15,6.000000,6.000000,5.890000,5.900000,6.000000,-0.016667,198000.000000,1180300.000000
hk00573,2013-08-13,5.780000,6.000000,5.780000,6.000000,5.790000,0.036269,66000.000000,394960.000000
hk00573,2013-08-12,5.980000,5.980000,5.790000,5.790000,5.920000,-0.021959,22000.000000,131190.000000
hk00573,2013-08-09,5.800000,5.920000,5.800000,5.920000,5.780000,0.024221,78000.000000,460130.000000
hk00573,2013-08-08,5.800000,5.800000,5.780000,5.780000,5.790000,-0.001727,2000.000000,11580.000000
hk00573,2013-08-07,5.790000,5.810000,5.790000,5.790000,5.890000,-0.016978,50000.000000,289800.000000
hk00573,2013-08-06,5.900000,5.900000,5.780000,5.890000,5.890000,0.000000,90000.000000,524780.000000
hk00573,2013-08-05,5.870000,5.900000,5.750000,5.890000,5.870000,0.003407,348000.000000,2014760.000000
hk00573,2013-08-02,5.830000,5.870000,5.830000,5.870000,5.810000,0.010327,4000.000000,23360.000000
hk00573,2013-08-01,5.820000,5.920000,5.800000,5.810000,5.920000,-0.018581,27000.000000,159160.000000
hk00573,2013-07-31,5.960000,5.970000,5.960000,5.920000,5.950000,-0.005042,56000.000000,333820.000000
hk00573,2013-07-30,5.890000,5.950000,5.600000,5.950000,5.900000,0.008475,548000.000000,3169590.000000
hk00573,2013-07-29,6.000000,6.000000,5.900000,5.900000,6.090000,-0.031199,181000.000000,1084000.000000
hk00573,2013-07-26,6.000000,6.090000,5.990000,6.090000,6.010000,0.013311,158000.000000,954060.000000
hk00573,2013-07-25,5.920000,6.100000,5.800000,6.010000,5.920000,0.015203,696000.000000,4146490.000000
hk00573,2013-07-24,5.880000,5.920000,5.850000,5.920000,5.830000,0.015437,46000.000000,271590.000000
hk00573,2013-07-23,5.810000,5.900000,5.800000,5.830000,5.810000,0.003442,141000.000000,822710.000000
hk00573,2013-07-22,5.800000,5.810000,5.790000,5.810000,5.820000,-0.001718,110000.000000,637520.000000
hk00573,2013-07-19,5.870000,5.900000,5.820000,5.820000,5.900000,-0.013559,48000.000000,280600.000000
hk00573,2013-07-18,5.810000,5.900000,5.810000,5.900000,5.870000,0.005111,50000.000000,293230.000000
hk00573,2013-07-17,5.760000,5.900000,5.750000,5.870000,5.810000,0.010327,58000.000000,337000.000000
hk00573,2013-07-16,5.830000,5.830000,5.810000,5.810000,5.870000,-0.010221,77000.000000,447630.000000
hk00573,2013-07-15,5.960000,5.960000,5.870000,5.870000,5.980000,-0.018395,51000.000000,299680.000000
hk00573,2013-07-12,5.950000,5.990000,5.910000,5.980000,5.990000,-0.001669,23000.000000,137230.000000
hk00573,2013-07-11,5.980000,5.990000,5.910000,5.990000,5.920000,0.011824,78000.000000,463320.000000
hk00573,2013-07-10,5.950000,5.990000,5.890000,5.920000,6.020000,-0.016611,402000.000000,2376510.000000
hk00573,2013-07-09,6.000000,6.060000,6.000000,6.020000,6.030000,-0.001658,237000.000000,1430850.000000
hk00573,2013-07-08,6.000000,6.040000,5.910000,6.030000,6.000000,0.005000,1131000.000000,6730650.000000
hk00573,2013-07-05,6.150000,6.150000,6.000000,6.000000,6.150000,-0.024390,312000.000000,1878440.000000
hk00573,2013-07-04,6.130000,6.350000,6.050000,6.150000,6.150000,0.000000,80000.000000,492730.000000
hk00573,2013-07-03,6.150000,6.310000,6.010000,6.150000,6.200000,-0.008065,131000.000000,815490.000000
hk00573,2013-07-02,6.200000,6.230000,6.030000,6.200000,6.080000,0.019737,423570.000000,2606367.000000
hk00573,2013-06-28,6.000000,6.080000,6.000000,6.080000,6.000000,0.013333,251000.000000,1516970.000000
hk00573,2013-06-27,6.050000,6.200000,5.960000,6.000000,6.100000,-0.016393,378000.000000,2269530.000000
hk00573,2013-06-26,5.790000,6.280000,5.790000,6.100000,5.810000,0.049914,358000.000000,2145970.000000
hk00573,2013-06-25,5.510000,5.870000,5.510000,5.810000,5.780000,0.005190,200000.000000,1148320.000000
hk00573,2013-06-24,5.950000,6.000000,5.750000,5.780000,5.930000,-0.025295,212000.000000,1234740.000000
hk00573,2013-06-21,6.000000,6.000000,5.850000,5.930000,6.100000,-0.027869,171000.000000,1013280.000000
hk00573,2013-06-20,6.090000,6.170000,5.830000,6.100000,6.180000,-0.012945,40000.000000,241590.000000
hk00573,2013-06-19,6.100000,6.210000,6.090000,6.180000,6.090000,0.014778,476000.000000,2916510.000000
hk00573,2013-06-18,6.030000,6.270000,6.030000,6.090000,6.030000,0.009950,400000.000000,2447040.000000
hk00573,2013-06-17,5.950000,6.210000,5.950000,6.030000,5.950000,0.013445,144000.000000,866180.000000
hk00573,2013-06-14,5.770000,5.950000,5.770000,5.950000,5.820000,0.022337,71000.000000,419670.000000
hk00573,2013-06-13,5.890000,5.890000,5.670000,5.820000,5.890000,-0.011885,163000.000000,946230.000000
hk00573,2013-06-11,6.000000,6.000000,5.870000,5.890000,5.960000,-0.011745,74000.000000,439260.000000
hk00573,2013-06-10,5.850000,6.000000,5.850000,5.960000,5.790000,0.029361,210500.000000,1246845.000000
hk00573,2013-06-07,5.710000,5.810000,5.710000,5.790000,5.640000,0.026596,346000.000000,2001850.000000
hk00573,2013-06-06,5.530000,5.780000,5.530000,5.640000,5.760000,-0.020833,195000.000000,1102832.000000
hk00573,2013-06-05,5.700000,5.800000,5.550000,5.760000,5.800000,-0.006897,550000.000000,3143360.000000
hk00573,2013-06-04,5.760000,5.800000,5.700000,5.800000,5.760000,0.006944,156000.000000,900350.000000
hk00573,2013-06-03,5.650000,5.880000,5.650000,5.760000,5.880000,-0.020408,154000.000000,893510.000000
hk00573,2013-05-31,5.950000,6.000000,5.850000,5.880000,5.890000,-0.001698,284000.000000,1681810.000000
hk00573,2013-05-30,5.750000,6.000000,5.750000,5.890000,5.700000,0.033333,393000.000000,2314730.000000
hk00573,2013-05-29,5.500000,5.800000,5.500000,5.700000,5.490000,0.038251,509000.000000,2869190.000000
hk00573,2013-05-28,5.460000,5.500000,5.450000,5.490000,5.420000,0.012915,273000.000000,1498270.000000
hk00573,2013-05-27,5.190000,5.440000,5.190000,5.420000,5.250000,0.032381,293000.000000,1566650.000000
hk00573,2013-05-24,5.250000,5.260000,5.150000,5.250000,5.180000,0.013514,222000.000000,1156790.000000
hk00573,2013-05-23,5.230000,5.250000,5.100000,5.180000,5.240000,-0.011450,170000.000000,873930.000000
hk00573,2013-05-22,5.200000,5.320000,5.190000,5.240000,5.250000,-0.001905,282000.000000,1474000.000000
hk00573,2013-05-21,5.180000,5.250000,5.060000,5.250000,5.100000,0.029412,373000.000000,1950890.000000
hk00573,2013-05-20,5.080000,5.100000,5.050000,5.100000,5.050000,0.009901,567000.000000,2876870.000000
hk00573,2013-05-16,5.030000,5.050000,5.030000,5.050000,5.040000,0.001984,139000.000000,701470.000000
hk00573,2013-05-15,5.050000,5.080000,5.040000,5.040000,5.050000,-0.001980,866215.000000,4377125.000000
hk00573,2013-05-14,5.050000,5.070000,5.040000,5.050000,5.050000,0.000000,686869.000000,3468635.000000
hk00573,2013-05-13,5.010000,5.080000,5.010000,5.050000,5.040000,0.001984,572000.000000,2887770.000000
hk00573,2013-05-10,5.050000,5.080000,5.000000,5.040000,5.090000,-0.009823,398000.000000,2008800.000000
hk00573,2013-05-09,5.090000,5.090000,5.090000,5.090000,5.090000,0.000000,20000.000000,101800.000000
hk00573,2013-05-08,5.050000,5.100000,5.010000,5.090000,5.050000,0.007921,292000.000000,1474630.000000
hk00573,2013-05-07,5.000000,5.080000,4.950000,5.050000,4.950000,0.020202,399000.000000,1988430.000000
hk00573,2013-05-06,5.010000,5.050000,4.920000,4.950000,5.010000,-0.011976,122000.000000,607110.000000
hk00573,2013-05-03,4.900000,5.050000,4.900000,5.010000,4.940000,0.014170,587000.000000,2945100.000000
hk00573,2013-05-02,4.870000,4.950000,4.870000,4.940000,4.900000,0.008163,343000.000000,1693850.000000
hk00573,2013-04-30,4.860000,4.980000,4.780000,4.900000,4.800000,0.020833,143000.000000,693860.000000
hk00573,2013-04-29,4.950000,4.950000,4.760000,4.800000,4.950000,-0.030303,206000.000000,990260.000000
hk00573,2013-04-26,4.770000,5.000000,4.760000,4.950000,4.770000,0.037736,629000.000000,3083720.000000
hk00573,2013-04-25,4.780000,4.850000,4.770000,4.770000,4.800000,-0.006250,41000.000000,197850.000000
hk00573,2013-04-24,4.730000,4.800000,4.730000,4.800000,4.700000,0.021277,227000.000000,1078390.000000
hk00573,2013-04-23,4.720000,4.750000,4.700000,4.700000,4.720000,-0.004237,44000.000000,207910.000000
hk00573,2013-04-22,4.680000,4.740000,4.680000,4.720000,4.760000,-0.008403,53000.000000,249800.000000
hk00573,2013-04-19,4.720000,4.760000,4.720000,4.760000,4.700000,0.012766,70000.000000,332720.000000
hk00573,2013-04-18,4.650000,4.700000,4.650000,4.700000,4.640000,0.012931,140000.000000,654360.000000
hk00573,2013-04-17,4.640000,4.660000,4.450000,4.640000,4.640000,0.000000,565000.000000,2609340.000000
hk00573,2013-04-16,4.650000,4.700000,4.640000,4.640000,4.640000,0.000000,647000.000000,3002530.000000
hk00573,2013-04-15,4.650000,4.700000,4.630000,4.640000,4.630000,0.002160,2204000.000000,10229140.000000
hk00573,2013-04-12,4.640000,4.670000,4.610000,4.630000,4.620000,0.002165,543000.000000,2520010.000000
hk00573,2013-04-11,4.630000,4.650000,4.580000,4.620000,4.630000,-0.002160,1021000.000000,4705740.000000
hk00573,2013-04-10,4.650000,4.650000,4.610000,4.630000,4.650000,-0.004301,214000.000000,991980.000000
hk00573,2013-04-09,4.650000,4.700000,4.600000,4.650000,4.580000,0.015284,373000.000000,1737580.000000
hk00573,2013-04-08,4.520000,4.600000,4.520000,4.580000,4.550000,0.006593,427000.000000,1957620.000000
hk00573,2013-04-05,4.690000,4.690000,4.480000,4.550000,4.620000,-0.015152,240000.000000,1090500.000000
hk00573,2013-04-03,4.600000,4.640000,4.540000,4.620000,4.600000,0.004348,634000.000000,2925820.000000
hk00573,2013-04-02,4.420000,4.620000,4.420000,4.600000,4.420000,0.040724,188000.000000,854550.000000
hk00573,2013-03-28,4.480000,4.480000,4.400000,4.420000,4.500000,-0.017778,120000.000000,529690.000000
hk00573,2013-03-27,4.440000,4.520000,4.400000,4.500000,4.530000,-0.006623,140000.000000,624920.000000
hk00573,2013-03-26,4.510000,4.530000,4.410000,4.530000,4.490000,0.008909,32000.000000,143970.000000
hk00573,2013-03-25,4.360000,4.530000,4.360000,4.490000,4.310000,0.041763,31000.000000,138370.000000
hk00573,2013-03-22,4.430000,4.630000,4.310000,4.310000,4.410000,-0.022676,291000.000000,1300440.000000
hk00573,2013-03-21,4.530000,4.530000,4.380000,4.410000,4.560000,-0.032895,377000.000000,1692990.000000
hk00573,2013-03-20,4.410000,4.630000,4.410000,4.560000,4.580000,-0.004367,296000.000000,1319690.000000
hk00573,2013-03-19,4.580000,4.580000,4.500000,4.580000,4.560000,0.004386,304000.000000,1395100.000000
hk00573,2013-03-18,4.620000,4.630000,4.450000,4.560000,4.670000,-0.023555,37500.000000,170465.000000
hk00573,2013-03-15,4.690000,4.800000,4.600000,4.670000,4.690000,-0.004264,70000.000000,328300.000000
hk00573,2013-03-14,4.620000,4.690000,4.600000,4.690000,4.630000,0.012959,698000.000000,3227940.000000
hk00573,2013-03-13,4.530000,4.630000,4.530000,4.630000,4.520000,0.024336,22013.000000,99820.000000
hk00573,2013-03-12,4.500000,4.550000,4.490000,4.520000,4.460000,0.013453,827000.000000,3727750.000000
hk00573,2013-03-11,4.460000,4.460000,4.460000,4.460000,4.450000,0.002247,3000.000000,13380.000000
hk00573,2013-03-08,4.450000,4.460000,4.450000,4.450000,4.390000,0.013667,28000.000000,124760.000000
hk00573,2013-03-07,4.420000,4.420000,4.390000,4.390000,4.420000,-0.006787,3000.000000,13230.000000
hk00573,2013-03-06,4.400000,4.420000,4.400000,4.420000,4.390000,0.006834,17000.000000,74950.000000
hk00573,2013-03-05,4.520000,4.520000,4.360000,4.390000,4.500000,-0.024444,1096000.000000,4930530.000000
hk00573,2013-03-04,4.550000,4.550000,4.500000,4.500000,4.560000,-0.013158,15000.000000,67550.000000
hk00573,2013-03-01,4.560000,4.560000,4.560000,4.560000,4.520000,0.008850,64000.000000,291800.000000
hk00573,2013-02-28,4.560000,4.560000,4.510000,4.520000,4.550000,-0.006593,1217000.000000,5504540.000000
hk00573,2013-02-27,4.500000,4.580000,4.500000,4.550000,4.550000,0.000000,322000.000000,1465700.000000
hk00573,2013-02-26,4.550000,4.550000,4.500000,4.550000,4.550000,0.000000,69000.000000,313820.000000
hk00573,2013-02-25,4.500000,4.550000,4.400000,4.550000,4.450000,0.022472,24000.000000,108670.000000
hk00573,2013-02-22,4.480000,4.480000,4.450000,4.450000,4.480000,-0.006696,54000.000000,241260.000000
hk00573,2013-02-21,4.570000,4.570000,4.420000,4.480000,4.600000,-0.026087,308000.000000,1367620.000000
hk00573,2013-02-20,4.620000,4.620000,4.600000,4.600000,4.560000,0.008772,56000.000000,258220.000000
hk00573,2013-02-19,4.600000,4.620000,4.560000,4.560000,4.620000,-0.012987,313000.000000,1439160.000000
hk00573,2013-02-18,4.650000,4.650000,4.600000,4.620000,4.710000,-0.019108,47000.000000,216370.000000
hk00573,2013-02-15,4.710000,4.720000,4.710000,4.710000,4.680000,0.006410,61000.000000,287420.000000
hk00573,2013-02-14,4.570000,4.710000,4.570000,4.680000,4.720000,-0.008475,15000.000000,69630.000000
hk00573,2013-02-08,4.710000,4.710000,4.710000,4.720000,4.750000,-0.006316,1000.000000,4710.000000
hk00573,2013-02-07,4.700000,4.760000,4.700000,4.750000,4.770000,-0.004193,51000.000000,241260.000000
hk00573,2013-02-06,4.770000,4.790000,4.770000,4.770000,4.780000,-0.002092,114000.000000,545200.000000
hk00573,2013-02-05,4.750000,4.810000,4.680000,4.780000,4.820000,-0.008299,198000.000000,947960.000000
hk00573,2013-02-04,4.700000,4.820000,4.700000,4.820000,4.670000,0.032120,275000.000000,1318010.000000
hk00573,2013-02-01,4.820000,4.820000,4.600000,4.670000,4.820000,-0.031120,595000.000000,2852900.000000
hk00573,2013-01-31,4.820000,4.820000,4.820000,4.820000,4.860000,-0.008230,24000.000000,115680.000000
hk00573,2013-01-30,4.800000,4.900000,4.800000,4.860000,4.820000,0.008299,356000.000000,1736550.000000
hk00573,2013-01-29,4.790000,4.820000,4.770000,4.820000,4.600000,0.047826,104000.000000,500840.000000
hk00573,2013-01-28,4.870000,4.940000,4.600000,4.600000,4.870000,-0.055441,53000.000000,257650.000000
hk00573,2013-01-25,4.780000,4.920000,4.780000,4.870000,4.750000,0.025263,1944000.000000,9528060.000000
hk00573,2013-01-24,4.690000,4.820000,4.690000,4.750000,4.660000,0.019313,298000.000000,1421530.000000
hk00573,2013-01-23,4.620000,4.670000,4.600000,4.660000,4.630000,0.006479,803000.000000,3733140.000000
hk00573,2013-01-22,4.630000,4.640000,4.490000,4.630000,4.580000,0.010917,27000.000000,124160.000000
hk00573,2013-01-21,4.590000,4.600000,4.580000,4.580000,4.780000,-0.041841,47000.000000,215700.000000
hk00573,2013-01-18,4.740000,4.800000,4.630000,4.780000,4.750000,0.006316,184000.000000,868250.000000
hk00573,2013-01-17,4.540000,4.780000,4.490000,4.750000,4.560000,0.041667,144000.000000,672760.000000
hk00573,2013-01-16,4.440000,4.600000,4.400000,4.560000,4.440000,0.027027,2332000.000000,10603110.000000
hk00573,2013-01-15,4.370000,4.440000,4.370000,4.440000,4.430000,0.002257,35000.000000,154650.000000
hk00573,2013-01-14,4.420000,4.430000,4.420000,4.430000,4.420000,0.002262,36000.000000,159170.000000
hk00573,2013-01-11,4.450000,4.450000,4.380000,4.420000,4.450000,-0.006742,60000.000000,265180.000000
hk00573,2013-01-10,4.450000,4.500000,4.450000,4.450000,4.450000,0.000000,293000.000000,1316230.000000
hk00573,2013-01-09,4.500000,4.500000,4.450000,4.450000,4.450000,0.000000,68000.000000,304420.000000
hk00573,2013-01-08,4.450000,4.500000,4.450000,4.450000,4.460000,-0.002242,120000.000000,538540.000000
hk00573,2013-01-07,4.370000,4.490000,4.370000,4.460000,4.370000,0.020595,207000.000000,919780.000000
hk00573,2013-01-04,4.400000,4.410000,4.360000,4.370000,4.440000,-0.015766,236000.000000,1035490.000000
hk00573,2013-01-03,4.420000,4.440000,4.410000,4.440000,4.470000,-0.006711,75000.000000,330890.000000
hk00573,2013-01-02,4.500000,4.500000,4.420000,4.470000,4.500000,-0.006667,67000.000000,298620.000000
hk00573,2012-12-31,4.500000,4.500000,4.500000,4.500000,4.500000,0.000000,40000.000000,180000.000000
hk00573,2012-12-28,4.410000,4.500000,4.400000,4.500000,4.490000,0.002227,143000.000000,633620.000000
hk00573,2012-12-27,4.450000,4.500000,4.450000,4.490000,4.500000,-0.002222,96000.000000,430060.000000
hk00573,2012-12-24,4.480000,4.500000,4.480000,4.500000,4.490000,0.002227,130000.000000,582950.000000
hk00573,2012-12-21,4.480000,4.510000,4.470000,4.490000,4.500000,-0.002222,539000.000000,2422450.000000
hk00573,2012-12-20,4.500000,4.500000,4.480000,4.500000,4.500000,0.000000,361000.000000,1624260.000000
hk00573,2012-12-19,4.460000,4.500000,4.460000,4.500000,4.500000,0.000000,67000.000000,301150.000000
hk00573,2012-12-18,4.480000,4.500000,4.460000,4.500000,4.460000,0.008969,499000.000000,2236580.000000
hk00573,2012-12-17,4.460000,4.520000,4.460000,4.460000,4.470000,-0.002237,132000.000000,590830.000000
hk00573,2012-12-14,4.480000,4.480000,4.450000,4.470000,4.460000,0.002242,163000.000000,729880.000000
hk00573,2012-12-13,4.530000,4.530000,4.450000,4.460000,4.530000,-0.015453,197000.000000,886520.000000
hk00573,2012-12-12,4.480000,4.530000,4.480000,4.530000,4.480000,0.011161,1027000.000000,4651350.000000
hk00573,2012-12-11,4.430000,4.480000,4.430000,4.480000,4.440000,0.009009,78000.000000,346640.000000
hk00573,2012-12-10,4.480000,4.490000,4.440000,4.440000,4.480000,-0.008929,210000.000000,936000.000000
hk00573,2012-12-07,4.450000,4.480000,4.450000,4.480000,4.460000,0.004484,53000.000000,236380.000000
hk00573,2012-12-06,4.450000,4.460000,4.430000,4.460000,4.480000,-0.004464,261000.000000,1160940.000000
hk00573,2012-12-05,4.500000,4.500000,4.480000,4.480000,4.520000,-0.008850,234000.000000,1049940.000000
hk00573,2012-12-04,4.500000,4.550000,4.500000,4.520000,4.530000,-0.002208,100000.000000,450520.000000
hk00573,2012-12-03,4.500000,4.550000,4.500000,4.530000,4.510000,0.004435,228000.000000,1036210.000000
hk00573,2012-11-30,4.510000,4.510000,4.480000,4.510000,4.510000,0.000000,104000.000000,467630.000000
hk00573,2012-11-29,4.500000,4.520000,4.500000,4.510000,4.500000,0.002222,42000.000000,189230.000000
hk00573,2012-11-28,4.480000,4.500000,4.460000,4.500000,4.480000,0.004464,50000.000000,223830.000000
hk00573,2012-11-27,4.480000,4.480000,4.450000,4.480000,4.520000,-0.008850,391000.000000,1751190.000000
hk00573,2012-11-26,4.490000,4.520000,4.420000,4.520000,4.470000,0.011186,176000.000000,790660.000000
hk00573,2012-11-23,4.490000,4.490000,4.450000,4.470000,4.460000,0.002242,136000.000000,609040.000000
hk00573,2012-11-22,4.450000,4.500000,4.450000,4.460000,4.500000,-0.008889,107000.000000,481360.000000
hk00573,2012-11-21,4.480000,4.520000,4.480000,4.500000,4.470000,0.006711,329000.000000,1478870.000000
hk00573,2012-11-20,4.430000,4.470000,4.430000,4.470000,4.410000,0.013605,71000.000000,317050.000000
hk00573,2012-11-19,4.410000,4.430000,4.410000,4.410000,4.480000,-0.015625,5000.000000,22090.000000
hk00573,2012-11-16,4.370000,4.480000,4.370000,4.480000,4.480000,0.000000,125000.000000,558780.000000
hk00573,2012-11-15,4.380000,4.500000,4.380000,4.480000,4.400000,0.018182,58000.000000,258400.000000
hk00573,2012-11-14,4.580000,4.580000,4.380000,4.400000,4.400000,0.000000,105000.000000,468760.000000
hk00573,2012-11-13,4.230000,4.400000,4.220000,4.400000,4.380000,0.004566,145000.000000,620920.000000
hk00573,2012-11-12,4.380000,4.390000,4.290000,4.380000,4.380000,0.000000,155000.000000,668270.000000
hk00573,2012-11-09,4.450000,4.450000,4.320000,4.380000,4.480000,-0.022321,144000.000000,631160.000000
hk00573,2012-11-08,4.580000,4.600000,4.430000,4.480000,4.540000,-0.013216,200000.000000,905390.000000
hk00573,2012-11-07,4.450000,4.540000,4.400000,4.540000,4.450000,0.020225,334000.000000,1483910.000000
hk00573,2012-11-06,4.420000,4.450000,4.380000,4.450000,4.420000,0.006787,65000.000000,286160.000000
hk00573,2012-11-05,4.380000,4.420000,4.350000,4.420000,4.350000,0.016092,409000.000000,1793180.000000
hk00573,2012-11-02,4.340000,4.400000,4.320000,4.350000,4.340000,0.002304,895000.000000,3901800.000000
hk00573,2012-11-01,4.240000,4.340000,4.240000,4.340000,4.240000,0.023585,399000.000000,1701260.000000
hk00573,2012-10-31,4.230000,4.240000,4.220000,4.240000,4.240000,0.000000,184000.000000,777920.000000
hk00573,2012-10-30,4.220000,4.240000,4.220000,4.240000,4.220000,0.004739,131000.000000,553320.000000
hk00573,2012-10-29,4.230000,4.230000,4.200000,4.220000,4.230000,-0.002364,139000.000000,585660.000000
hk00573,2012-10-26,4.240000,4.240000,4.210000,4.230000,4.240000,-0.002358,35000.000000,148330.000000
hk00573,2012-10-25,4.200000,4.250000,4.170000,4.240000,4.230000,0.002364,1254000.000000,5268000.000000
hk00573,2012-10-24,4.200000,4.270000,4.200000,4.230000,4.260000,-0.007042,430000.000000,1819330.000000
hk00573,2012-10-22,4.260000,4.350000,4.250000,4.260000,4.260000,0.000000,571000.000000,2434190.000000
hk00573,2012-10-19,4.220000,4.260000,4.220000,4.260000,4.260000,0.000000,334000.000000,1419470.000000
hk00573,2012-10-18,4.230000,4.260000,4.230000,4.260000,4.220000,0.009479,350000.000000,1486930.000000
hk00573,2012-10-17,4.230000,4.230000,4.180000,4.220000,4.220000,0.000000,2691000.000000,11302340.000000
hk00573,2012-10-16,4.200000,4.220000,4.170000,4.220000,4.250000,-0.007059,141000.000000,591070.000000
hk00573,2012-10-15,4.230000,4.260000,4.230000,4.250000,4.230000,0.004728,79000.000000,335510.000000
hk00573,2012-10-12,4.240000,4.240000,4.200000,4.230000,4.240000,-0.002358,74000.000000,311510.000000
hk00573,2012-10-11,4.270000,4.270000,4.230000,4.240000,4.250000,-0.002353,108000.000000,460170.000000
hk00573,2012-10-10,4.200000,4.260000,4.200000,4.250000,4.210000,0.009501,231100.000000,973015.000000
hk00573,2012-10-09,4.230000,4.230000,4.080000,4.210000,4.260000,-0.011737,675000.000000,2797460.000000
hk00573,2012-10-08,4.200000,4.260000,4.170000,4.260000,4.220000,0.009479,40000.000000,168220.000000
hk00573,2012-10-05,4.170000,4.220000,4.170000,4.220000,4.190000,0.007160,61000.000000,256090.000000
hk00573,2012-10-04,4.200000,4.210000,4.150000,4.190000,4.220000,-0.007109,151000.000000,631150.000000
hk00573,2012-10-03,4.250000,4.250000,4.170000,4.220000,4.210000,0.002375,30000.000000,126120.000000
hk00573,2012-09-28,4.200000,4.210000,4.059000,4.210000,4.230000,-0.004728,39000.000000,163550.000000
hk00573,2012-09-27,4.200000,4.230000,4.200000,4.230000,4.210000,0.004751,30000.000000,126060.000000
hk00573,2012-09-26,4.240000,4.240000,4.190000,4.210000,4.240000,-0.007075,260000.000000,1095870.000000
hk00573,2012-09-25,4.220000,4.240000,4.200000,4.240000,4.220000,0.004739,611000.000000,2581650.000000
hk00573,2012-09-24,4.200000,4.230000,4.200000,4.220000,4.200000,0.004762,128000.000000,540310.000000
hk00573,2012-09-21,4.210000,4.220000,4.200000,4.200000,4.190000,0.002387,247591.000000,1039865.000000
hk00573,2012-09-20,4.200000,4.210000,4.190000,4.190000,4.200000,-0.002381,426000.000000,1783830.000000
hk00573,2012-09-19,4.200000,4.220000,4.180000,4.200000,4.210000,-0.002375,162000.000000,680405.000000
hk00573,2012-09-18,4.210000,4.220000,4.200000,4.210000,4.200000,0.002381,544000.000000,2289230.000000
hk00573,2012-09-17,4.250000,4.250000,4.180000,4.200000,4.220000,-0.004739,374000.000000,1570140.000000
hk00573,2012-09-14,4.220000,4.230000,4.200000,4.220000,4.200000,0.004762,723000.000000,3049730.000000
hk00573,2012-09-13,4.180000,4.230000,4.170000,4.200000,4.180000,0.004785,1066000.000000,4480260.000000
hk00573,2012-09-12,4.180000,4.180000,4.160000,4.180000,4.190000,-0.002387,276010.000000,1153682.000000
hk00573,2012-09-11,4.170000,4.190000,4.160000,4.190000,4.200000,-0.002381,45000.000000,187550.000000
hk00573,2012-09-10,4.019000,4.200000,4.019000,4.200000,4.190000,0.002387,59000.000000,247290.000000
hk00573,2012-09-07,4.019000,4.190000,4.019000,4.190000,4.190000,0.000000,95000.000000,395450.000000
hk00573,2012-09-06,4.170000,4.200000,4.170000,4.190000,4.140000,0.012077,311739.000000,1309224.000000
hk00573,2012-09-05,4.160000,4.160000,4.130000,4.140000,4.190000,-0.011933,6000.000000,24860.000000
hk00573,2012-09-04,4.200000,4.200000,4.180000,4.190000,4.230000,-0.009456,162000.000000,680210.000000
hk00573,2012-09-03,4.120000,4.280000,4.110000,4.230000,4.110000,0.029197,699000.000000,2899310.000000
hk00573,2012-08-31,4.100000,4.110000,4.090000,4.110000,4.080000,0.007353,25000.000000,102540.000000
hk00573,2012-08-30,4.160000,4.160000,4.080000,4.080000,4.130000,-0.012107,396000.000000,1624750.000000
hk00573,2012-08-29,4.040000,4.160000,4.040000,4.130000,4.040000,0.022277,1119526.000000,4615390.000000
hk00573,2012-08-28,4.000000,4.050000,4.000000,4.040000,4.000000,0.010000,326000.000000,1311560.000000
hk00573,2012-08-27,3.980000,4.019000,3.980000,4.000000,3.980000,0.005025,162000.000000,648590.000000
hk00573,2012-08-24,3.940000,4.040000,3.940000,3.980000,3.940000,0.010152,335000.000000,1339070.000000
hk00573,2012-08-23,3.900000,3.940000,3.900000,3.940000,3.960000,-0.005051,62000.000000,243530.000000
hk00573,2012-08-22,3.880000,3.960000,3.880000,3.960000,3.900000,0.015385,189000.000000,741170.000000
hk00573,2012-08-21,3.900000,3.900000,3.890000,3.900000,3.890000,0.002571,841000.000000,3279430.000000
hk00573,2012-08-20,3.910000,3.910000,3.890000,3.890000,3.930000,-0.010178,171000.000000,666710.000000
hk00573,2012-08-17,3.930000,3.930000,3.930000,3.930000,3.960000,-0.007576,37000.000000,145410.000000
hk00573,2012-08-16,3.960000,3.960000,3.960000,3.960000,3.990000,-0.007519,13000.000000,51480.000000
hk00573,2012-08-15,4.000000,4.000000,3.960000,3.990000,3.980000,0.002513,66030.000000,264020.000000
hk00573,2012-08-14,3.980000,3.980000,3.970000,3.980000,3.940000,0.010152,193000.000000,767620.000000
hk00573,2012-08-13,4.040000,4.040000,3.910000,3.940000,4.000000,-0.015000,87000.000000,347710.000000
hk00573,2012-08-10,4.000000,4.000000,3.990000,4.000000,4.000000,0.000000,26000.000000,103950.000000
hk00573,2012-08-09,4.000000,4.000000,4.000000,4.000000,4.019000,-0.004728,16000.000000,64000.000000
hk00573,2012-08-08,4.019000,4.050000,4.019000,4.019000,4.000000,0.004750,34000.000000,137060.000000
hk00573,2012-08-07,4.000000,4.000000,3.990000,4.000000,4.000000,0.000000,215000.000000,859870.000000
hk00573,2012-08-06,3.980000,4.000000,3.980000,4.000000,4.000000,0.000000,76050.000000,304140.000000
hk00573,2012-08-03,3.970000,4.019000,3.970000,4.000000,4.000000,0.000000,266000.000000,1058110.000000
hk00573,2012-08-02,4.019000,4.019000,4.000000,4.000000,4.040000,-0.009901,146000.000000,584430.000000
hk00573,2012-08-01,3.980000,4.050000,3.950000,4.040000,3.970000,0.017632,229000.000000,913990.000000
hk00573,2012-07-31,3.990000,3.990000,3.950000,3.970000,3.980000,-0.002513,84000.000000,334190.000000
hk00573,2012-07-30,3.990000,4.000000,3.980000,3.980000,3.990000,-0.002506,30000.000000,119640.000000
hk00573,2012-07-27,3.970000,4.000000,3.970000,3.990000,3.960000,0.007576,503000.000000,1986930.000000
hk00573,2012-07-26,3.940000,3.960000,3.940000,3.960000,3.930000,0.007634,162000.000000,640900.000000
hk00573,2012-07-25,3.820000,3.950000,3.820000,3.930000,3.820000,0.028796,151000.000000,584320.000000
hk00573,2012-07-24,3.820000,3.820000,3.820000,3.820000,3.940000,-0.030457,11000.000000,42020.000000
hk00573,2012-07-23,3.940000,3.940000,3.940000,3.940000,3.940000,0.000000,720000.000000,2826000.000000
hk00573,2012-07-20,3.930000,3.940000,3.900000,3.940000,3.950000,-0.002532,1076000.000000,4241720.000000
hk00573,2012-07-19,3.940000,3.960000,3.940000,3.950000,3.960000,-0.002525,335000.000000,1321585.000000
hk00573,2012-07-18,3.960000,3.960000,3.940000,3.960000,3.960000,0.000000,73000.000000,288220.000000
hk00573,2012-07-17,3.990000,3.990000,3.960000,3.960000,3.990000,-0.007519,1468783.000000,5849839.000000
hk00573,2012-07-16,3.990000,4.000000,3.990000,3.990000,3.980000,0.002513,54000.000000,215820.000000
hk00573,2012-07-13,3.960000,3.990000,3.900000,3.980000,3.990000,-0.002506,257000.000000,1021180.000000
hk00573,2012-07-12,3.970000,4.019000,3.950000,3.990000,3.980000,0.002513,503000.000000,2003720.000000
hk00573,2012-07-11,3.830000,3.980000,3.830000,3.980000,3.850000,0.033766,791000.000000,3106530.000000
hk00573,2012-07-10,3.850000,3.860000,3.840000,3.850000,3.840000,0.002604,328000.000000,1262390.000000
hk00573,2012-07-09,3.860000,3.900000,3.840000,3.840000,3.860000,-0.005181,134000.000000,515820.000000
hk00573,2012-07-06,3.860000,3.860000,3.860000,3.860000,3.860000,0.000000,2000.000000,7720.000000
hk00573,2012-07-05,3.860000,3.880000,3.840000,3.860000,3.880000,-0.005155,581000.000000,2242320.000000
hk00573,2012-07-04,3.880000,3.890000,3.860000,3.880000,3.890000,-0.002571,281000.000000,1089130.000000
hk00573,2012-07-03,3.910000,3.910000,3.880000,3.890000,3.900000,-0.002564,585000.000000,2274390.000000
hk00573,2012-06-29,3.900000,3.940000,3.900000,3.900000,3.860000,0.010363,355000.000000,1391940.000000
hk00573,2012-06-28,3.880000,3.900000,3.860000,3.860000,3.840000,0.005208,161000.000000,627220.000000
hk00573,2012-06-27,3.750000,3.900000,3.700000,3.840000,3.810000,0.007874,112000.000000,428590.000000
hk00573,2012-06-26,3.800000,3.800000,3.800000,3.810000,3.850000,-0.010390,100000.000000,380000.000000
hk00573,2012-06-21,3.860000,3.860000,3.850000,3.850000,3.910000,-0.015345,110000.000000,424100.000000
hk00573,2012-06-20,3.950000,3.950000,3.950000,3.910000,3.910000,0.000000,1000.000000,3950.000000
hk00573,2012-06-19,3.860000,3.930000,3.800000,3.910000,3.870000,0.010336,230000.000000,883060.000000
hk00573,2012-06-18,3.900000,3.900000,3.850000,3.870000,3.870000,0.000000,131000.000000,506780.000000
hk00573,2012-06-15,3.900000,3.930000,3.870000,3.870000,3.830000,0.010444,99000.000000,385330.000000
hk00573,2012-06-14,3.890000,3.890000,3.800000,3.830000,3.890000,-0.015424,301000.000000,1160250.000000
hk00573,2012-06-13,3.890000,3.890000,3.890000,3.890000,3.870000,0.005168,2000.000000,7780.000000
hk00573,2012-06-12,3.900000,3.900000,3.860000,3.870000,3.900000,-0.007692,223000.000000,863570.000000
hk00573,2012-06-11,3.930000,3.930000,3.870000,3.900000,3.900000,0.000000,195000.000000,758670.000000
hk00573,2012-06-08,3.900000,3.920000,3.880000,3.900000,3.900000,0.000000,77000.000000,300140.000000
hk00573,2012-06-07,3.890000,3.900000,3.890000,3.900000,3.870000,0.007752,3000.000000,11690.000000
hk00573,2012-06-06,3.860000,3.900000,3.860000,3.870000,3.860000,0.002591,41000.000000,158540.000000
hk00573,2012-06-04,3.880000,3.890000,3.850000,3.860000,3.950000,-0.022785,443000.000000,1719730.000000
hk00573,2012-06-01,3.890000,3.950000,3.880000,3.950000,3.870000,0.020672,127000.000000,496220.000000
hk00573,2012-05-31,3.770000,3.880000,3.770000,3.870000,3.810000,0.015748,145000.000000,558490.000000
hk00573,2012-05-30,3.730000,3.810000,3.700000,3.810000,3.620000,0.052486,209000.000000,793030.000000
hk00573,2012-05-29,3.600000,3.680000,3.600000,3.620000,3.470000,0.043228,114000.000000,411620.000000
hk00573,2012-05-28,3.450000,3.590000,3.450000,3.470000,3.420000,0.014620,12000.000000,42260.000000
hk00573,2012-05-25,3.400000,3.410000,3.400000,3.420000,3.400000,0.005882,103000.000000,351000.000000
hk00573,2012-05-24,3.500000,3.500000,3.350000,3.400000,3.480000,-0.022989,616000.000000,2102680.000000
hk00573,2012-05-23,3.540000,3.540000,3.480000,3.480000,3.540000,-0.016949,3000.000000,10560.000000
hk00573,2012-05-22,3.540000,3.650000,3.540000,3.540000,3.460000,0.023121,270000.000000,964810.000000
hk00573,2012-05-21,3.580000,3.580000,3.130000,3.460000,3.640000,-0.049451,733000.000000,2552780.000000
hk00573,2012-05-18,3.650000,3.650000,3.600000,3.640000,3.720000,-0.021505,69000.000000,251360.000000
hk00573,2012-05-17,3.680000,3.780000,3.650000,3.720000,3.700000,0.005405,30000.000000,110940.000000
hk00573,2012-05-16,3.860000,3.860000,3.670000,3.700000,3.880000,-0.046392,625000.000000,2344040.000000
hk00573,2012-05-15,3.900000,3.920000,3.840000,3.880000,3.910000,-0.007673,305000.000000,1185580.000000
hk00573,2012-05-14,3.900000,3.960000,3.880000,3.910000,3.900000,0.002564,990000.000000,3869970.000000
hk00573,2012-05-11,3.880000,3.920000,3.880000,3.900000,3.910000,-0.002558,291000.000000,1134120.000000
hk00573,2012-05-10,3.900000,3.910000,3.880000,3.910000,3.930000,-0.005089,176000.000000,687610.000000
hk00573,2012-05-09,3.950000,3.950000,3.920000,3.930000,3.970000,-0.010076,135000.000000,531370.000000
hk00573,2012-05-08,3.990000,4.040000,3.970000,3.970000,3.970000,0.000000,36000.000000,144450.000000
hk00573,2012-05-07,3.930000,4.070000,3.920000,3.970000,3.980000,-0.002513,190000.000000,753810.000000
hk00573,2012-05-04,3.990000,3.990000,3.940000,3.980000,4.000000,-0.005000,355000.000000,1407110.000000
hk00573,2012-05-03,4.000000,4.100000,3.950000,4.000000,3.980000,0.005025,329000.000000,1315900.000000
hk00573,2012-05-02,3.950000,4.050000,3.950000,3.980000,3.950000,0.007595,157000.000000,627840.000000
hk00573,2012-04-30,3.950000,4.000000,3.930000,3.950000,3.860000,0.023316,237000.000000,940130.000000
hk00573,2012-04-27,3.920000,3.980000,3.830000,3.860000,3.940000,-0.020305,171000.000000,662200.000000
hk00573,2012-04-26,3.870000,3.950000,3.870000,3.940000,3.870000,0.018088,146000.000000,572500.000000
hk00573,2012-04-25,3.980000,3.980000,3.870000,3.870000,3.980000,-0.027638,797000.000000,3133640.000000
hk00573,2012-04-24,4.070000,4.070000,3.970000,3.980000,4.130000,-0.036320,792000.000000,3173110.000000
hk00573,2012-04-23,4.270000,4.310000,4.100000,4.130000,4.290000,-0.037296,794000.000000,3347360.000000
hk00573,2012-04-20,4.280000,4.390000,4.220000,4.290000,4.300000,-0.002326,483000.000000,2073260.000000
hk00573,2012-04-19,4.250000,4.370000,4.250000,4.300000,4.320000,-0.004630,482000.000000,2087160.000000
hk00573,2012-04-18,4.330000,4.350000,4.280000,4.320000,4.330000,-0.002309,451000.000000,1945070.000000
hk00573,2012-04-17,4.030000,4.330000,4.030000,4.330000,4.100000,0.056098,874000.000000,3686830.000000
hk00573,2012-04-16,4.100000,4.100000,4.100000,4.100000,4.100000,0.000000,190000.000000,779000.000000
hk00573,2012-04-13,4.080000,4.100000,4.059000,4.100000,4.050000,0.012346,280000.000000,1147340.000000
hk00573,2012-04-12,4.019000,4.050000,4.019000,4.050000,4.019000,0.007713,212000.000000,858350.000000
hk00573,2012-04-11,4.010000,4.030000,4.010000,4.019000,4.090000,-0.017359,120000.000000,482250.000000
hk00573,2012-04-10,4.030000,4.100000,4.030000,4.090000,4.040000,0.012376,226000.000000,916650.000000
hk00573,2012-04-05,4.120000,4.120000,4.040000,4.040000,4.180000,-0.033493,464000.000000,1891010.000000
hk00573,2012-04-03,4.130000,4.210000,4.130000,4.180000,4.120000,0.014563,729000.000000,3056410.000000
hk00573,2012-04-02,4.100000,4.150000,4.100000,4.120000,4.050000,0.017284,31000.000000,127880.000000
hk00573,2012-03-30,4.180000,4.180000,4.050000,4.050000,4.180000,-0.031100,52000.000000,212960.000000
hk00573,2012-03-29,4.200000,4.200000,4.170000,4.180000,4.200000,-0.004762,58000.000000,243000.000000
hk00573,2012-03-28,4.100000,4.210000,4.100000,4.200000,4.170000,0.007194,505000.000000,2117760.000000
hk00573,2012-03-27,4.070000,4.180000,4.070000,4.170000,4.070000,0.024570,609000.000000,2525690.000000
hk00573,2012-03-26,4.000000,4.070000,3.960000,4.070000,4.000000,0.017500,305000.000000,1222120.000000
hk00573,2012-03-23,4.050000,4.100000,3.940000,4.000000,4.140000,-0.033816,649000.000000,2588860.000000
hk00573,2012-03-22,4.120000,4.190000,4.100000,4.140000,4.120000,0.004854,601000.000000,2501000.000000
hk00573,2012-03-21,4.140000,4.140000,4.040000,4.120000,4.100000,0.004878,708000.000000,2902270.000000
hk00573,2012-03-20,4.080000,4.100000,4.059000,4.100000,4.080000,0.004902,574000.000000,2351750.000000
hk00573,2012-03-19,4.100000,4.100000,4.040000,4.080000,4.080000,0.000000,103000.000000,420290.000000
hk00573,2012-03-16,3.910000,4.140000,3.900000,4.080000,3.940000,0.035533,698000.000000,2833880.000000
hk00573,2012-03-15,3.950000,4.030000,3.900000,3.940000,3.980000,-0.010050,259000.000000,1031020.000000
hk00573,2012-03-14,4.019000,4.050000,3.960000,3.980000,3.970000,0.002519,357000.000000,1435780.000000
hk00573,2012-03-13,3.970000,4.000000,3.910000,3.970000,3.890000,0.020566,104000.000000,413320.000000
hk00573,2012-03-12,3.810000,3.980000,3.810000,3.890000,3.890000,0.000000,50000.000000,196410.000000
hk00573,2012-03-09,4.019000,4.019000,3.850000,3.890000,4.000000,-0.027500,321000.000000,1248430.000000
hk00573,2012-03-08,3.870000,4.019000,3.870000,4.000000,3.870000,0.033592,134000.000000,533690.000000
hk00573,2012-03-07,3.850000,3.960000,3.810000,3.870000,3.940000,-0.017766,234000.000000,908950.000000
hk00573,2012-03-06,3.950000,3.980000,3.880000,3.940000,3.980000,-0.010050,137000.000000,537760.000000
hk00573,2012-03-05,3.990000,4.000000,3.950000,3.980000,4.019000,-0.009704,150000.000000,598200.000000
hk00573,2012-03-02,3.970000,4.030000,3.970000,4.019000,4.019000,0.000000,125000.000000,499850.000000
hk00573,2012-03-01,4.040000,4.050000,3.930000,4.019000,4.040000,-0.005198,310000.000000,1227960.000000
hk00573,2012-02-29,4.010000,4.059000,3.970000,4.040000,4.040000,0.000000,478000.000000,1911180.000000
hk00573,2012-02-28,4.210000,4.210000,4.000000,4.040000,4.059000,-0.004681,754000.000000,3066120.000000
hk00573,2012-02-27,4.040000,4.260000,3.970000,4.059000,4.100000,-0.010000,1334000.000000,5380430.000000
hk00573,2012-02-24,4.180000,4.180000,3.980000,4.100000,4.200000,-0.023810,1322000.000000,5351980.000000
hk00573,2012-02-23,4.200000,4.260000,4.040000,4.200000,4.220000,-0.004739,565000.000000,2356120.000000
hk00573,2012-02-22,4.190000,4.230000,4.110000,4.220000,4.180000,0.009569,408000.000000,1711140.000000
hk00573,2012-02-21,4.000000,4.180000,4.000000,4.180000,4.080000,0.024510,844000.000000,3495160.000000
hk00573,2012-02-20,4.120000,4.120000,4.030000,4.080000,4.140000,-0.014493,336000.000000,1364770.000000
hk00573,2012-02-17,4.150000,4.150000,4.100000,4.140000,4.150000,-0.002410,225000.000000,929030.000000
hk00573,2012-02-16,4.150000,4.150000,4.080000,4.150000,4.150000,0.000000,323000.000000,1336260.000000
hk00573,2012-02-15,3.970000,4.180000,3.970000,4.150000,4.050000,0.024691,1280000.000000,5274330.000000
hk00573,2012-02-14,3.960000,4.100000,3.950000,4.050000,4.040000,0.002475,835000.000000,3318880.000000
hk00573,2012-02-13,3.970000,4.100000,3.930000,4.040000,4.059000,-0.004681,231000.000000,926400.000000
hk00573,2012-02-10,4.100000,4.100000,3.970000,4.059000,4.100000,-0.010000,733000.000000,2959020.000000
hk00573,2012-02-09,4.000000,4.150000,4.000000,4.100000,4.000000,0.025000,859000.000000,3527770.000000
hk00573,2012-02-08,4.040000,4.120000,3.950000,4.000000,4.040000,-0.009901,1032000.000000,4205640.000000
hk00573,2012-02-07,3.900000,4.059000,3.840000,4.040000,3.890000,0.038560,1091000.000000,4299090.000000
hk00573,2012-02-06,3.820000,3.910000,3.790000,3.890000,3.820000,0.018325,936000.000000,3633090.000000
hk00573,2012-02-03,3.830000,3.860000,3.760000,3.820000,3.830000,-0.002611,892000.000000,3407670.000000
hk00573,2012-02-02,3.630000,3.880000,3.630000,3.830000,3.630000,0.055096,1731000.000000,6534420.000000
hk00573,2012-02-01,3.530000,3.650000,3.530000,3.630000,3.540000,0.025424,1285000.000000,4651450.000000
hk00573,2012-01-31,3.510000,3.580000,3.490000,3.540000,3.510000,0.008547,2054000.000000,7240510.000000
hk00573,2012-01-30,3.360000,3.570000,3.360000,3.510000,3.360000,0.044643,2018000.000000,7025660.000000
hk00573,2012-01-27,3.400000,3.460000,3.350000,3.360000,3.420000,-0.017544,344000.000000,1172200.000000
hk00573,2012-01-26,3.360000,3.430000,3.360000,3.420000,3.310000,0.033233,1310000.000000,4441090.000000
hk00573,2012-01-20,3.390000,3.390000,3.300000,3.310000,3.390000,-0.023599,250000.000000,832570.000000
hk00573,2012-01-19,3.220000,3.400000,3.220000,3.390000,3.220000,0.052795,1856000.000000,6240070.000000
hk00573,2012-01-18,3.230000,3.230000,3.200000,3.220000,3.200000,0.006250,195000.000000,628380.000000
hk00573,2012-01-17,3.180000,3.230000,3.160000,3.200000,3.150000,0.015873,1284000.000000,4122890.000000
hk00573,2012-01-16,3.110000,3.160000,3.100000,3.150000,3.110000,0.012862,532000.000000,1657560.000000
hk00573,2012-01-13,3.060000,3.150000,3.060000,3.110000,3.100000,0.003226,395000.000000,1232240.000000
hk00573,2012-01-12,3.050000,3.100000,3.010000,3.100000,3.120000,-0.006410,432000.000000,1317000.000000
hk00573,2012-01-11,3.050000,3.120000,3.020000,3.120000,3.020000,0.033113,32000.000000,99070.000000
hk00573,2012-01-10,3.000000,3.050000,3.000000,3.020000,3.080000,-0.019481,355000.000000,1066870.000000
hk00573,2012-01-09,3.100000,3.100000,3.050000,3.080000,3.120000,-0.012821,108000.000000,334100.000000
hk00573,2012-01-06,3.000000,3.120000,3.000000,3.120000,3.000000,0.040000,127000.000000,393200.000000
hk00573,2012-01-05,3.000000,3.000000,2.950000,3.000000,3.040000,-0.013158,129000.000000,386000.000000
hk00573,2012-01-04,3.060000,3.060000,3.030000,3.040000,3.060000,-0.006536,86000.000000,260980.000000
hk00573,2012-01-03,2.980000,3.100000,2.980000,3.060000,2.980000,0.026846,402000.000000,1233400.000000
hk00573,2011-12-30,3.000000,3.000000,2.980000,2.980000,2.940000,0.013605,72000.000000,215600.000000
hk00573,2011-12-29,2.920000,2.940000,2.920000,2.940000,3.000000,-0.020000,68000.000000,198900.000000
hk00573,2011-12-23,3.000000,3.000000,3.000000,3.000000,3.000000,0.000000,11000.000000,33000.000000
hk00573,2011-12-22,2.910000,3.050000,2.910000,3.000000,2.920000,0.027397,24000.000000,71300.000000
hk00573,2011-12-21,2.920000,2.920000,2.920000,2.920000,2.900000,0.006897,72000.000000,210240.000000
hk00573,2011-12-20,2.910000,2.910000,2.900000,2.900000,2.910000,-0.003436,51000.000000,148240.000000
hk00573,2011-12-19,3.050000,3.050000,2.900000,2.910000,3.050000,-0.045902,19000.000000,55350.000000
hk00573,2011-12-15,3.050000,3.060000,3.050000,3.050000,3.060000,-0.003268,406000.000000,1239400.000000
hk00573,2011-12-14,3.050000,3.060000,3.040000,3.060000,3.030000,0.009901,194000.000000,592080.000000
hk00573,2011-12-13,3.000000,3.050000,3.000000,3.030000,3.000000,0.010000,131937.000000,401053.000000
hk00573,2011-12-12,3.000000,3.000000,2.980000,3.000000,3.000000,0.000000,120000.000000,359960.000000
hk00573,2011-12-09,3.000000,3.020000,3.000000,3.000000,3.000000,0.000000,209000.000000,627800.000000
hk00573,2011-12-08,3.000000,3.000000,2.980000,3.000000,3.000000,0.000000,130000.000000,389920.000000
hk00573,2011-12-07,3.000000,3.000000,2.960000,3.000000,3.000000,0.000000,272000.000000,815480.000000
hk00573,2011-12-06,2.910000,3.000000,2.890000,3.000000,2.950000,0.016949,407000.000000,1197650.000000
hk00573,2011-12-05,2.900000,2.950000,2.880000,2.950000,2.850000,0.035088,166000.000000,481550.000000
hk00573,2011-12-02,2.850000,2.850000,2.850000,2.850000,2.900000,-0.017241,13000.000000,37050.000000
hk00573,2011-12-01,2.880000,2.900000,2.820000,2.900000,2.800000,0.035714,83926.000000,239034.000000
hk00573,2011-11-30,2.970000,3.200000,2.780000,2.800000,2.830000,-0.010601,109000.000000,310416.000000
hk00573,2011-11-29,2.790000,2.840000,2.790000,2.830000,2.800000,0.010714,90000.000000,254635.000000
hk00573,2011-11-28,2.820000,2.820000,2.780000,2.800000,2.780000,0.007194,75000.000000,208630.000000
hk00573,2011-11-25,2.780000,2.810000,2.760000,2.780000,2.810000,-0.010676,191000.000000,530620.000000
hk00573,2011-11-24,2.880000,2.880000,2.790000,2.810000,2.900000,-0.031034,274000.000000,770530.000000
hk00573,2011-11-23,2.880000,2.930000,2.870000,2.900000,2.900000,0.000000,582000.000000,1681530.000000
hk00573,2011-11-22,2.880000,2.920000,2.880000,2.900000,2.900000,0.000000,474000.000000,1375010.000000
hk00573,2011-11-21,2.900000,2.910000,2.900000,2.900000,3.000000,-0.033333,236000.000000,684460.000000
hk00573,2011-11-18,3.050000,3.050000,2.960000,3.000000,3.150000,-0.047619,114000.000000,341980.000000
hk00573,2011-11-17,2.950000,3.160000,2.950000,3.150000,3.050000,0.032787,225000.000000,695920.000000
hk00573,2011-11-16,3.180000,3.180000,2.920000,3.050000,3.100000,-0.016129,151000.000000,457280.000000
hk00573,2011-11-15,2.930000,3.240000,2.930000,3.100000,2.920000,0.061644,1246000.000000,3898230.000000
hk00573,2011-11-14,2.900000,2.920000,2.900000,2.920000,2.880000,0.013889,650000.000000,1887620.000000
hk00573,2011-11-11,2.880000,2.900000,2.880000,2.880000,2.900000,-0.006897,273000.000000,790000.000000
hk00573,2011-11-10,2.800000,2.900000,2.800000,2.900000,2.880000,0.006944,291000.000000,834920.000000
hk00573,2011-11-09,2.830000,2.950000,2.750000,2.880000,2.850000,0.010526,702000.000000,2032230.000000
hk00573,2011-11-08,2.760000,2.850000,2.750000,2.850000,2.710000,0.051661,253000.000000,714490.000000
hk00573,2011-11-07,2.600000,2.750000,2.600000,2.710000,2.800000,-0.032143,76000.000000,207630.000000
hk00573,2011-11-04,2.700000,2.800000,2.700000,2.800000,2.700000,0.037037,296000.000000,818980.000000
hk00573,2011-11-03,2.600000,2.700000,2.600000,2.700000,2.570000,0.050584,42000.000000,110960.000000
hk00573,2011-11-02,2.550000,2.550000,2.550000,2.570000,2.560000,0.003906,10000.000000,25500.000000
hk00573,2011-11-01,2.670000,2.670000,2.560000,2.560000,2.600000,-0.015385,63000.000000,168100.000000
hk00573,2011-10-31,2.570000,2.600000,2.570000,2.600000,2.570000,0.011673,24000.000000,62000.000000
hk00573,2011-10-28,2.620000,2.650000,2.570000,2.570000,2.620000,-0.019084,53000.000000,138490.000000
hk00573,2011-10-27,2.620000,2.620000,2.620000,2.620000,2.560000,0.023438,3000.000000,7860.000000
hk00573,2011-10-26,2.600000,2.670000,2.550000,2.560000,2.550000,0.003922,264000.000000,697400.000000
hk00573,2011-10-25,2.510000,2.600000,2.510000,2.550000,2.520000,0.011905,20000.000000,51100.000000
hk00573,2011-10-24,2.510000,2.550000,2.510000,2.520000,2.480000,0.016129,42000.000000,106540.000000
hk00573,2011-10-21,2.460000,2.460000,2.460000,2.480000,2.480000,0.000000,2000.000000,4920.000000
hk00573,2011-10-20,2.440000,2.500000,2.440000,2.480000,2.480000,0.000000,136000.000000,337480.000000
hk00573,2011-10-19,2.470000,2.480000,2.470000,2.480000,2.460000,0.008130,53000.000000,131310.000000
hk00573,2011-10-18,2.460000,2.460000,2.430000,2.460000,2.490000,-0.012048,254000.000000,622280.000000
hk00573,2011-10-17,2.520000,2.520000,2.490000,2.490000,2.500000,-0.004000,376000.000000,940780.000000
hk00573,2011-10-14,2.500000,2.500000,2.490000,2.500000,2.500000,0.000000,236000.000000,589400.000000
hk00573,2011-10-13,2.450000,2.500000,2.450000,2.500000,2.450000,0.020408,35000.000000,86540.000000
hk00573,2011-10-12,2.450000,2.460000,2.450000,2.450000,2.450000,0.000000,20000.000000,49050.000000
hk00573,2011-10-11,2.450000,2.550000,2.450000,2.450000,2.420000,0.012397,129000.000000,322050.000000
hk00573,2011-10-10,2.460000,2.500000,2.420000,2.420000,2.460000,-0.016260,4000.000000,9810.000000
hk00573,2011-10-07,2.420000,2.470000,2.410000,2.460000,2.410000,0.020747,655000.000000,1590910.000000
hk00573,2011-10-06,2.440000,2.440000,2.410000,2.410000,2.420000,-0.004132,321000.000000,776850.000000
hk00573,2011-10-04,2.450000,2.460000,2.200000,2.420000,2.450000,-0.012245,375000.000000,910160.000000
hk00573,2011-10-03,2.450000,2.450000,2.440000,2.450000,2.540000,-0.035433,143000.000000,350250.000000
hk00573,2011-09-30,2.500000,2.540000,2.500000,2.540000,2.440000,0.040984,180000.000000,452480.000000
hk00573,2011-09-28,2.440000,2.440000,2.440000,2.440000,2.430000,0.004115,188000.000000,458720.000000
hk00573,2011-09-27,2.440000,2.440000,2.430000,2.430000,2.450000,-0.008163,132000.000000,320940.000000
hk00573,2011-09-26,2.430000,2.450000,2.400000,2.450000,2.450000,0.000000,446000.000000,1080980.000000
hk00573,2011-09-23,2.470000,2.470000,2.430000,2.450000,2.500000,-0.020000,302000.000000,738720.000000
hk00573,2011-09-22,2.500000,2.500000,2.480000,2.500000,2.520000,-0.007937,915000.000000,2286040.000000
hk00573,2011-09-21,2.520000,2.540000,2.520000,2.520000,2.520000,0.000000,495000.000000,1251570.000000
hk00573,2011-09-20,2.520000,2.530000,2.520000,2.520000,2.510000,0.003984,36000.000000,90840.000000
hk00573,2011-09-19,2.540000,2.570000,2.480000,2.510000,2.590000,-0.030888,500000.000000,1253850.000000
hk00573,2011-09-16,2.580000,2.620000,2.560000,2.590000,2.520000,0.027778,563000.000000,1465190.000000
hk00573,2011-09-15,2.500000,2.520000,2.500000,2.520000,2.500000,0.008000,116000.000000,291440.000000
hk00573,2011-09-14,2.500000,2.500000,2.480000,2.500000,2.490000,0.004016,194000.000000,482360.000000
hk00573,2011-09-12,2.500000,2.520000,2.490000,2.490000,2.560000,-0.027344,424000.000000,1059600.000000
hk00573,2011-09-09,2.560000,2.570000,2.560000,2.560000,2.560000,0.000000,203000.000000,520500.000000
hk00573,2011-09-08,2.510000,2.600000,2.510000,2.560000,2.510000,0.019920,160000.000000,412380.000000
hk00573,2011-09-07,2.460000,2.520000,2.450000,2.510000,2.480000,0.012097,261000.000000,647890.000000
hk00573,2011-09-06,2.450000,2.500000,2.450000,2.480000,2.500000,-0.008000,92000.000000,228360.000000
hk00573,2011-09-05,2.530000,2.540000,2.500000,2.500000,2.530000,-0.011858,476000.000000,1200840.000000
hk00573,2011-09-02,2.510000,2.540000,2.500000,2.530000,2.500000,0.012000,317000.000000,797710.000000
hk00573,2011-09-01,2.410000,2.600000,2.410000,2.500000,2.370000,0.054852,965000.000000,2440570.000000
hk00573,2011-08-31,2.450000,2.450000,2.370000,2.370000,2.400000,-0.012500,120000.000000,288220.000000
hk00573,2011-08-30,2.390000,2.430000,2.390000,2.400000,2.350000,0.021277,169000.000000,406360.000000
hk00573,2011-08-29,2.340000,2.360000,2.320000,2.350000,2.320000,0.012931,128000.000000,300030.000000
hk00573,2011-08-26,2.280000,2.350000,2.250000,2.320000,2.320000,0.000000,412000.000000,944050.000000
hk00573,2011-08-25,2.370000,2.370000,2.320000,2.320000,2.350000,-0.012766,139000.000000,325680.000000
hk00573,2011-08-24,2.300000,2.350000,2.300000,2.350000,2.350000,0.000000,150000.000000,351700.000000
hk00573,2011-08-23,2.390000,2.390000,2.270000,2.350000,2.450000,-0.040816,490000.000000,1145820.000000
hk00573,2011-08-22,2.470000,2.470000,2.470000,2.450000,2.400000,0.020833,13000.000000,32110.000000
hk00573,2011-08-19,2.360000,2.430000,2.300000,2.400000,2.400000,0.000000,135000.000000,322960.000000
hk00573,2011-08-18,2.460000,2.460000,2.400000,2.400000,2.460000,-0.024390,183000.000000,445880.000000
hk00573,2011-08-17,2.530000,2.530000,2.460000,2.460000,2.490000,-0.012048,142000.000000,354730.000000
hk00573,2011-08-16,2.500000,2.530000,2.480000,2.490000,2.500000,-0.004000,64000.000000,160010.000000
hk00573,2011-08-15,2.500000,2.520000,2.470000,2.500000,2.490000,0.004016,58000.000000,145230.000000
hk00573,2011-08-12,2.550000,2.550000,2.460000,2.490000,2.580000,-0.034884,608000.000000,1520440.000000
hk00573,2011-08-10,2.550000,2.600000,2.550000,2.600000,2.550000,0.019608,214010.000000,554406.000000
hk00573,2011-08-09,2.550000,2.550000,2.500000,2.550000,2.650000,-0.037736,76000.000000,193050.000000
hk00573,2011-08-08,2.600000,2.790000,2.600000,2.650000,2.650000,0.000000,503000.000000,1351420.000000
hk00573,2011-08-05,2.690000,2.770000,2.620000,2.650000,2.720000,-0.025735,179000.000000,484930.000000
hk00573,2011-08-04,2.720000,2.740000,2.680000,2.720000,2.690000,0.011152,966000.000000,2641490.000000
hk00573,2011-08-03,2.700000,2.720000,2.590000,2.690000,2.710000,-0.007380,31000.000000,83260.000000
hk00573,2011-08-02,2.710000,2.740000,2.700000,2.710000,2.730000,-0.007326,29000.000000,78620.000000
hk00573,2011-08-01,2.730000,2.740000,2.720000,2.730000,2.740000,-0.003650,63000.000000,172300.000000
hk00573,2011-07-28,2.700000,2.740000,2.680000,2.740000,2.700000,0.014815,153000.000000,418040.000000
hk00573,2011-07-27,2.710000,2.750000,2.700000,2.700000,2.740000,-0.014599,921000.000000,2510960.000000
hk00573,2011-07-26,2.740000,2.740000,2.700000,2.740000,2.740000,0.000000,151000.000000,410200.000000
hk00573,2011-07-25,2.740000,2.740000,2.710000,2.740000,2.740000,0.000000,169000.000000,459720.000000
hk00573,2011-07-22,2.720000,2.750000,2.700000,2.740000,2.720000,0.007353,59000.000000,159760.000000
hk00573,2011-07-21,2.720000,2.720000,2.700000,2.720000,2.720000,0.000000,76000.000000,206240.000000
hk00573,2011-07-20,2.710000,2.730000,2.710000,2.720000,2.740000,-0.007299,3000.000000,8150.000000
hk00573,2011-07-19,2.750000,2.750000,2.720000,2.740000,2.720000,0.007353,6000.000000,16430.000000
hk00573,2011-07-18,2.730000,2.800000,2.710000,2.720000,2.720000,0.000000,42000.000000,115110.000000
hk00573,2011-07-15,2.720000,2.730000,2.720000,2.720000,2.790000,-0.025090,10000.000000,27230.000000
hk00573,2011-07-14,2.730000,2.790000,2.730000,2.790000,2.780000,0.003597,7000.000000,19470.000000
hk00573,2011-07-13,2.720000,2.790000,2.720000,2.780000,2.720000,0.022059,25000.000000,68830.000000
hk00573,2011-07-12,2.720000,2.720000,2.710000,2.720000,2.750000,-0.010909,25000.000000,67890.000000
hk00573,2011-07-11,2.730000,2.730000,2.710000,2.750000,2.800000,-0.017857,10000.000000,27160.000000
hk00573,2011-07-08,2.850000,2.850000,2.760000,2.800000,2.850000,-0.017544,38000.000000,106480.000000
hk00573,2011-07-07,2.830000,2.850000,2.800000,2.850000,2.830000,0.007067,61000.000000,172140.000000
hk00573,2011-07-06,2.820000,2.830000,2.820000,2.830000,2.820000,0.003546,18000.000000,50930.000000
hk00573,2011-07-05,2.800000,2.830000,2.800000,2.820000,2.840000,-0.007042,14000.000000,39560.000000
hk00573,2011-07-04,2.830000,2.840000,2.770000,2.840000,2.830000,0.003534,35000.000000,98140.000000
hk00573,2011-06-30,2.700000,2.850000,2.700000,2.830000,2.720000,0.040441,248000.000000,682390.000000
hk00573,2011-06-29,2.720000,2.720000,2.720000,2.720000,2.720000,0.000000,16000.000000,43520.000000
hk00573,2011-06-28,2.710000,2.740000,2.710000,2.720000,2.750000,-0.010909,841000.000000,2305980.000000
hk00573,2011-06-27,2.800000,2.810000,2.700000,2.750000,2.800000,-0.017857,163000.000000,453270.000000
hk00573,2011-06-24,2.800000,2.800000,2.800000,2.800000,2.730000,0.025641,50000.000000,140000.000000
hk00573,2011-06-23,2.720000,2.720000,2.720000,2.730000,2.700000,0.011111,1000.000000,2720.000000
hk00573,2011-06-22,2.700000,2.700000,2.700000,2.700000,2.700000,0.000000,33000.000000,89100.000000
hk00573,2011-06-21,2.720000,2.720000,2.700000,2.700000,2.720000,-0.007353,2101000.000000,5763100.000000
hk00573,2011-06-20,2.720000,2.720000,2.720000,2.720000,2.710000,0.003690,20000.000000,54400.000000
hk00573,2011-06-17,2.700000,2.800000,2.700000,2.710000,2.750000,-0.014545,101000.000000,281700.000000
hk00573,2011-06-16,2.750000,2.750000,2.750000,2.750000,2.700000,0.018519,91000.000000,250250.000000
hk00573,2011-06-15,2.750000,2.750000,2.700000,2.700000,2.790000,-0.032258,687000.000000,1863650.000000
hk00573,2011-06-14,2.790000,2.790000,2.780000,2.790000,2.790000,0.000000,15000.000000,41840.000000
hk00573,2011-06-13,2.720000,2.800000,2.720000,2.790000,2.750000,0.014545,26000.000000,72720.000000
hk00573,2011-06-10,2.750000,2.800000,2.750000,2.750000,2.720000,0.011029,73000.000000,202970.000000
hk00573,2011-06-09,2.800000,2.800000,2.720000,2.720000,2.800000,-0.028571,11000.000000,30720.000000
hk00573,2011-06-08,2.800000,2.800000,2.800000,2.800000,2.730000,0.025641,17000.000000,47600.000000
hk00573,2011-06-07,2.720000,2.720000,2.720000,2.730000,2.800000,-0.025000,4000.000000,10880.000000
hk00573,2011-06-03,2.850000,2.850000,2.800000,2.800000,2.870000,-0.024390,18000.000000,50650.000000
hk00573,2011-06-02,2.840000,2.880000,2.800000,2.870000,2.840000,0.010563,200000.000000,565910.000000
hk00573,2011-06-01,2.800000,2.840000,2.780000,2.840000,2.760000,0.028986,294000.000000,828310.000000
hk00573,2011-05-31,2.750000,2.760000,2.750000,2.760000,2.710000,0.018450,59000.000000,162350.000000
hk00573,2011-05-30,2.710000,2.760000,2.710000,2.710000,2.700000,0.003704,79000.000000,216020.000000
hk00573,2011-05-27,2.700000,2.730000,2.690000,2.700000,2.700000,0.000000,264000.000000,713880.000000
hk00573,2011-05-26,2.690000,2.710000,2.690000,2.700000,2.700000,0.000000,131000.000000,353730.000000
hk00573,2011-05-25,2.700000,2.700000,2.700000,2.700000,2.740000,-0.014599,51000.000000,137700.000000
hk00573,2011-05-24,2.720000,2.740000,2.720000,2.740000,2.740000,0.000000,9000.000000,24640.000000
hk00573,2011-05-23,2.720000,2.740000,2.720000,2.740000,2.790000,-0.017921,21000.000000,57520.000000
hk00573,2011-05-20,2.800000,2.800000,2.800000,2.790000,2.800000,-0.003571,5000.000000,14000.000000
hk00573,2011-05-19,2.800000,2.830000,2.780000,2.800000,2.830000,-0.010601,260000.000000,729370.000000
hk00573,2011-05-18,2.750000,2.830000,2.750000,2.830000,2.730000,0.036630,138000.000000,383760.000000
hk00573,2011-05-17,2.730000,2.730000,2.700000,2.730000,2.710000,0.007380,45000.000000,122180.000000
hk00573,2011-05-16,2.700000,2.750000,2.700000,2.710000,2.760000,-0.018116,186000.000000,503970.000000
hk00573,2011-05-13,2.750000,2.760000,2.750000,2.760000,2.740000,0.007299,15000.000000,41320.000000
hk00573,2011-05-12,2.750000,2.750000,2.740000,2.740000,2.790000,-0.017921,11000.000000,30240.000000
hk00573,2011-05-11,2.790000,2.790000,2.790000,2.790000,2.800000,-0.003571,13000.000000,36370.000000
hk00573,2011-05-09,2.800000,2.800000,2.800000,2.800000,2.770000,0.010830,10000.000000,28000.000000
hk00573,2011-05-06,2.780000,2.830000,2.760000,2.770000,2.780000,-0.003597,54000.000000,150780.000000
hk00573,2011-05-05,2.800000,2.860000,2.780000,2.780000,2.800000,-0.007143,31000.000000,87270.000000
hk00573,2011-05-04,2.780000,2.800000,2.780000,2.800000,2.780000,0.007194,16000.000000,44660.000000
hk00573,2011-05-03,2.770000,2.800000,2.770000,2.780000,2.770000,0.003610,55000.000000,153490.000000
hk00573,2011-04-29,2.760000,2.770000,2.760000,2.770000,2.770000,0.000000,13000.000000,35900.000000
hk00573,2011-04-28,2.740000,2.770000,2.740000,2.770000,2.740000,0.010949,44000.000000,121100.000000
hk00573,2011-04-27,2.800000,2.800000,2.730000,2.740000,2.750000,-0.003636,75000.000000,208850.000000
hk00573,2011-04-26,2.760000,2.800000,2.750000,2.750000,2.780000,-0.010791,54000.000000,148730.000000
hk00573,2011-04-21,2.770000,2.800000,2.730000,2.780000,2.820000,-0.014184,60000.000000,166350.000000
hk00573,2011-04-20,2.760000,2.820000,2.750000,2.820000,2.800000,0.007143,61000.000000,169180.000000
hk00573,2011-04-19,2.740000,2.800000,2.740000,2.800000,2.770000,0.010830,18000.000000,49720.000000
hk00573,2011-04-18,2.800000,2.830000,2.770000,2.770000,2.800000,-0.010714,60000.000000,167520.000000
hk00573,2011-04-15,2.800000,2.800000,2.800000,2.800000,2.800000,0.000000,20000.000000,56000.000000
hk00573,2011-04-14,2.800000,2.800000,2.780000,2.800000,2.820000,-0.007092,29000.000000,80980.000000
hk00573,2011-04-13,2.820000,2.830000,2.790000,2.820000,2.740000,0.029197,181000.000000,509260.000000
hk00573,2011-04-12,2.800000,2.850000,2.730000,2.740000,2.760000,-0.007246,185000.000000,513200.000000
hk00573,2011-04-11,2.700000,2.760000,2.680000,2.760000,2.760000,0.000000,123000.000000,336410.000000
hk00573,2011-04-08,2.750000,2.800000,2.750000,2.760000,2.740000,0.007299,153000.000000,426610.000000
hk00573,2011-04-07,2.740000,2.770000,2.740000,2.740000,2.760000,-0.007246,46000.000000,126930.000000
hk00573,2011-04-06,2.770000,2.780000,2.750000,2.760000,2.770000,-0.003610,63000.000000,174430.000000
hk00573,2011-04-04,2.720000,2.780000,2.720000,2.770000,2.750000,0.007273,94000.000000,256700.000000
hk00573,2011-04-01,2.750000,2.770000,2.720000,2.750000,2.750000,0.000000,33000.000000,90250.000000
hk00573,2011-03-31,2.700000,2.750000,2.700000,2.750000,2.710000,0.014760,13000.000000,35700.000000
hk00573,2011-03-30,2.710000,2.730000,2.700000,2.710000,2.700000,0.003704,322000.000000,870260.000000
hk00573,2011-03-29,2.720000,2.740000,2.700000,2.700000,2.720000,-0.007353,421000.000000,1145530.000000
hk00573,2011-03-28,2.710000,2.750000,2.710000,2.720000,2.710000,0.003690,99000.000000,270940.000000
hk00573,2011-03-25,2.750000,2.780000,2.710000,2.710000,2.720000,-0.003676,362000.000000,990900.000000
hk00573,2011-03-24,2.760000,2.760000,2.720000,2.720000,2.760000,-0.014493,369500.000000,1011470.000000
hk00573,2011-03-23,2.790000,2.790000,2.740000,2.760000,2.790000,-0.010753,65000.000000,179020.000000
hk00573,2011-03-22,2.760000,2.820000,2.740000,2.790000,2.810000,-0.007117,263000.000000,728240.000000
hk00573,2011-03-21,2.780000,2.820000,2.780000,2.810000,2.760000,0.018116,144000.000000,404600.000000
hk00573,2011-03-18,2.750000,2.760000,2.700000,2.760000,2.750000,0.003636,18000.000000,49540.000000
hk00573,2011-03-17,2.750000,2.750000,2.740000,2.750000,2.790000,-0.014337,36000.000000,98900.000000
hk00573,2011-03-16,2.740000,2.820000,2.720000,2.790000,2.800000,-0.003571,77000.000000,213310.000000
hk00573,2011-03-15,2.860000,2.890000,2.800000,2.800000,2.900000,-0.034483,82000.000000,233310.000000
hk00573,2011-03-14,2.860000,2.900000,2.860000,2.900000,2.860000,0.013986,70000.000000,201250.000000
hk00573,2011-03-11,2.860000,2.870000,2.850000,2.860000,2.850000,0.003509,39000.000000,111490.000000
hk00573,2011-03-10,2.860000,2.860000,2.850000,2.850000,2.860000,-0.003497,122000.000000,347900.000000
hk00573,2011-03-09,2.850000,2.900000,2.850000,2.860000,2.880000,-0.006944,13000.000000,37560.000000
hk00573,2011-03-08,2.880000,2.880000,2.880000,2.880000,2.900000,-0.006897,44000.000000,126720.000000
hk00573,2011-03-07,2.900000,2.900000,2.880000,2.900000,2.900000,0.000000,97000.000000,281660.000000
hk00573,2011-03-04,2.880000,2.900000,2.880000,2.900000,2.880000,0.006944,99000.000000,286100.000000
hk00573,2011-03-03,2.850000,2.880000,2.850000,2.880000,2.880000,0.000000,27000.000000,77580.000000
hk00573,2011-03-02,2.840000,2.920000,2.840000,2.880000,2.820000,0.021277,326000.000000,939030.000000
hk00573,2011-03-01,2.820000,2.820000,2.820000,2.820000,2.820000,0.000000,2000.000000,5640.000000
hk00573,2011-02-28,2.820000,2.820000,2.800000,2.820000,2.850000,-0.010526,91000.000000,255820.000000
hk00573,2011-02-25,2.840000,2.850000,2.840000,2.850000,2.850000,0.000000,163000.000000,464340.000000
hk00573,2011-02-24,2.850000,2.850000,2.810000,2.850000,2.850000,0.000000,193000.000000,547430.000000
hk00573,2011-02-23,2.830000,2.850000,2.820000,2.850000,2.850000,0.000000,67000.000000,189870.000000
hk00573,2011-02-22,2.850000,2.850000,2.800000,2.850000,2.850000,0.000000,202000.000000,574450.000000
hk00573,2011-02-21,2.850000,2.850000,2.850000,2.850000,2.900000,-0.017241,41000.000000,116850.000000
hk00573,2011-02-18,2.860000,2.900000,2.860000,2.900000,2.900000,0.000000,18000.000000,51710.000000
hk00573,2011-02-17,2.850000,2.930000,2.850000,2.900000,2.900000,0.000000,41000.000000,118920.000000
hk00573,2011-02-16,2.970000,2.970000,2.860000,2.900000,2.920000,-0.006849,31000.000000,90850.000000
hk00573,2011-02-15,2.930000,2.930000,2.870000,2.920000,2.870000,0.017422,42000.000000,122160.000000
hk00573,2011-02-14,2.880000,2.880000,2.870000,2.870000,2.880000,-0.003472,20000.000000,57550.000000
hk00573,2011-02-11,2.940000,2.940000,2.860000,2.880000,2.900000,-0.006897,134000.000000,387690.000000
hk00573,2011-02-10,2.850000,2.920000,2.850000,2.900000,2.850000,0.017544,264000.000000,762980.000000
hk00573,2011-02-09,2.830000,2.850000,2.830000,2.850000,2.850000,0.000000,181000.000000,515560.000000
hk00573,2011-02-08,2.900000,2.900000,2.850000,2.850000,2.850000,0.000000,93000.000000,265750.000000
hk00573,2011-02-07,2.850000,2.850000,2.850000,2.850000,2.850000,0.000000,24000.000000,68400.000000
hk00573,2011-02-02,2.850000,2.860000,2.850000,2.850000,2.850000,0.000000,172000.000000,490330.000000
hk00573,2011-02-01,2.850000,2.860000,2.810000,2.850000,2.850000,0.000000,643000.000000,1830720.000000
hk00573,2011-01-31,2.750000,2.860000,2.750000,2.850000,2.740000,0.040146,720000.000000,2043400.000000
hk00573,2011-01-28,2.780000,2.810000,2.710000,2.740000,2.800000,-0.021429,149000.000000,411110.000000
hk00573,2011-01-27,2.790000,2.850000,2.780000,2.800000,2.790000,0.003584,182000.000000,511320.000000
hk00573,2011-01-26,2.720000,2.800000,2.690000,2.790000,2.740000,0.018248,684000.000000,1859610.000000
hk00573,2011-01-25,2.760000,2.820000,2.650000,2.740000,2.750000,-0.003636,1149000.000000,3174150.000000
hk00573,2011-01-24,2.850000,2.850000,2.730000,2.750000,2.870000,-0.041812,370000.000000,1041990.000000
hk00573,2011-01-21,2.780000,2.870000,2.780000,2.870000,2.780000,0.032374,47000.000000,132960.000000
hk00573,2011-01-20,2.800000,2.850000,2.780000,2.780000,2.820000,-0.014184,132000.000000,369860.000000
hk00573,2011-01-19,2.830000,2.830000,2.810000,2.820000,2.840000,-0.007042,204000.000000,576470.000000
hk00573,2011-01-18,2.810000,2.870000,2.810000,2.840000,2.830000,0.003534,202000.000000,574180.000000
hk00573,2011-01-17,2.860000,2.870000,2.780000,2.830000,2.860000,-0.010490,214000.000000,611010.000000
hk00573,2011-01-14,2.810000,2.860000,2.810000,2.860000,2.850000,0.003509,88000.000000,249400.000000
hk00573,2011-01-13,2.850000,2.850000,2.800000,2.850000,2.830000,0.007067,179000.000000,503940.000000
hk00573,2011-01-12,2.800000,2.850000,2.800000,2.830000,2.820000,0.003546,294000.000000,833400.000000
hk00573,2011-01-11,2.770000,2.820000,2.770000,2.820000,2.800000,0.007143,40000.000000,111680.000000
hk00573,2011-01-10,2.800000,2.800000,2.800000,2.800000,2.780000,0.007194,52000.000000,145600.000000
hk00573,2011-01-07,2.780000,2.800000,2.750000,2.780000,2.780000,0.000000,351000.000000,970330.000000
hk00573,2011-01-06,2.830000,2.830000,2.780000,2.780000,2.800000,-0.007143,68000.000000,190250.000000
hk00573,2011-01-05,2.770000,2.800000,2.770000,2.800000,2.800000,0.000000,48000.000000,133580.000000
hk00573,2011-01-04,2.800000,2.800000,2.800000,2.800000,2.800000,0.000000,5000.000000,13980.000000
hk00573,2011-01-03,2.760000,2.850000,2.760000,2.800000,2.700000,0.037037,63000.000000,177820.000000
hk00573,2010-12-31,2.750000,2.850000,2.670000,2.700000,2.760000,-0.021739,118000.000000,319820.000000
hk00573,2010-12-30,2.660000,2.760000,2.660000,2.760000,2.660000,0.037594,570000.000000,1543301.000000
hk00573,2010-12-29,2.650000,2.700000,2.650000,2.660000,2.700000,-0.014815,135000.000000,359610.000000
hk00573,2010-12-28,2.610000,2.700000,2.610000,2.700000,2.680000,0.007463,110000.000000,288440.000000
hk00573,2010-12-24,2.670000,2.680000,2.660000,2.680000,2.730000,-0.018315,111000.000000,296350.000000
hk00573,2010-12-23,2.700000,2.730000,2.620000,2.730000,2.700000,0.011111,219000.000000,585920.000000
hk00573,2010-12-22,2.710000,2.710000,2.700000,2.700000,2.680000,0.007463,32000.000000,86620.000000
hk00573,2010-12-21,2.680000,2.680000,2.670000,2.680000,2.680000,0.000000,1533000.000000,4118950.000000
hk00573,2010-12-20,2.670000,2.690000,2.670000,2.680000,2.680000,0.000000,666000.000000,1788800.000000
hk00573,2010-12-17,2.700000,2.700000,2.680000,2.680000,2.680000,0.000000,245000.000000,657600.000000
hk00573,2010-12-16,2.680000,2.690000,2.680000,2.680000,2.700000,-0.007407,212000.000000,568260.000000
hk00573,2010-12-15,2.700000,2.710000,2.670000,2.700000,2.700000,0.000000,2417000.000000,6505370.000000
hk00573,2010-12-14,2.700000,2.720000,2.680000,2.700000,2.720000,-0.007353,362000.000000,973390.000000
hk00573,2010-12-13,2.790000,2.800000,2.700000,2.720000,2.790000,-0.025090,299000.000000,814420.000000
hk00573,2010-12-10,2.810000,2.810000,2.710000,2.790000,2.820000,-0.010638,1108000.000000,3078910.000000
hk00573,2010-12-09,2.800000,2.830000,2.790000,2.820000,2.750000,0.025455,631000.000000,1753346.000000
hk00573,2010-12-08,2.720000,2.770000,2.720000,2.750000,2.710000,0.014760,951000.000000,2610485.000000
hk00573,2010-12-07,2.700000,2.750000,2.600000,2.710000,2.700000,0.003704,720000.000000,1963960.000000
hk00573,2010-12-06,2.700000,2.700000,2.670000,2.700000,2.670000,0.011236,461000.000000,1241410.000000
hk00573,2010-12-03,2.630000,2.750000,2.630000,2.670000,2.630000,0.015209,431000.000000,1157400.000000
hk00573,2010-12-02,2.600000,2.700000,2.600000,2.630000,2.620000,0.003817,312000.000000,831130.000000
hk00573,2010-12-01,2.630000,2.670000,2.600000,2.620000,2.670000,-0.018727,325000.000000,857030.000000
hk00573,2010-11-30,2.730000,2.750000,2.660000,2.670000,2.750000,-0.029091,233000.000000,624680.000000
hk00573,2010-11-29,2.730000,2.780000,2.730000,2.750000,2.740000,0.003650,58000.000000,159550.000000
hk00573,2010-11-26,2.730000,2.760000,2.730000,2.740000,2.730000,0.003663,110000.000000,301690.000000
hk00573,2010-11-25,2.740000,2.780000,2.730000,2.730000,2.700000,0.011111,95000.000000,262560.000000
hk00573,2010-11-24,2.710000,2.800000,2.690000,2.700000,2.720000,-0.007353,336000.000000,911480.000000
hk00573,2010-11-23,2.750000,2.750000,2.720000,2.720000,2.750000,-0.010909,211000.000000,574940.000000
hk00573,2010-11-22,2.760000,2.780000,2.750000,2.750000,2.780000,-0.010791,202000.000000,556850.000000
hk00573,2010-11-19,2.780000,2.800000,2.780000,2.780000,2.800000,-0.007143,275000.000000,765040.000000
hk00573,2010-11-18,2.760000,2.860000,2.750000,2.800000,2.850000,-0.017544,533000.000000,1500390.000000
hk00573,2010-11-17,2.760000,2.850000,2.760000,2.850000,2.720000,0.047794,37700.000000,106576.000000
hk00573,2010-11-16,2.750000,2.790000,2.700000,2.720000,2.810000,-0.032028,399000.000000,1094160.000000
hk00573,2010-11-15,2.850000,2.900000,2.810000,2.810000,2.850000,-0.014035,152000.000000,429780.000000
hk00573,2010-11-12,2.860000,2.860000,2.850000,2.850000,2.860000,-0.003497,175000.000000,498950.000000
hk00573,2010-11-11,2.810000,2.900000,2.810000,2.860000,2.880000,-0.006944,165000.000000,474080.000000
hk00573,2010-11-10,2.900000,2.930000,2.860000,2.880000,2.900000,-0.006897,368000.000000,1067380.000000
hk00573,2010-11-09,2.880000,2.910000,2.880000,2.900000,2.890000,0.003460,420000.000000,1217470.000000
hk00573,2010-11-08,2.850000,2.930000,2.850000,2.890000,2.900000,-0.003448,326000.000000,945850.000000
hk00573,2010-11-05,2.850000,2.970000,2.850000,2.900000,2.900000,0.000000,418000.000000,1216080.000000
hk00573,2010-11-04,2.890000,2.930000,2.890000,2.900000,2.910000,-0.003436,237000.000000,688800.000000
hk00573,2010-11-03,2.950000,2.950000,2.910000,2.910000,2.900000,0.003448,95000.000000,278260.000000
hk00573,2010-11-02,2.900000,2.910000,2.880000,2.900000,2.940000,-0.013605,207000.000000,600510.000000
hk00573,2010-11-01,2.930000,2.960000,2.900000,2.940000,2.940000,0.000000,48000.000000,140770.000000
hk00573,2010-10-29,2.940000,2.940000,2.930000,2.940000,2.960000,-0.006757,53000.000000,155630.000000
hk00573,2010-10-28,2.950000,3.000000,2.950000,2.960000,2.960000,0.000000,45000.000000,133530.000000
hk00573,2010-10-27,2.940000,3.000000,2.940000,2.960000,2.990000,-0.010033,84000.000000,250220.000000
hk00573,2010-10-26,3.040000,3.050000,2.970000,2.990000,2.960000,0.010135,47000.000000,140930.000000
hk00573,2010-10-25,2.990000,3.050000,2.960000,2.960000,2.990000,-0.010033,53000.000000,158180.000000
hk00573,2010-10-22,2.980000,3.000000,2.950000,2.990000,2.980000,0.003356,167000.000000,499890.000000
hk00573,2010-10-21,2.980000,2.980000,2.950000,2.980000,2.980000,0.000000,85000.000000,252110.000000
hk00573,2010-10-20,2.950000,2.980000,2.950000,2.980000,3.000000,-0.006667,77000.000000,227540.000000
hk00573,2010-10-19,3.000000,3.000000,2.980000,3.000000,3.000000,0.000000,92000.000000,275780.000000
hk00573,2010-10-18,2.980000,3.000000,2.980000,3.000000,2.990000,0.003344,32000.000000,95880.000000
hk00573,2010-10-15,2.980000,3.020000,2.980000,2.990000,3.000000,-0.003333,171000.000000,513140.000000
hk00573,2010-10-14,3.000000,3.010000,3.000000,3.000000,3.000000,0.000000,125000.000000,375020.000000
hk00573,2010-10-13,3.000000,3.000000,3.000000,3.000000,2.990000,0.003344,44000.000000,132000.000000
hk00573,2010-10-12,3.000000,3.000000,2.980000,2.990000,3.000000,-0.003333,122000.000000,365690.000000
hk00573,2010-10-11,2.980000,3.040000,2.980000,3.000000,2.980000,0.006711,144000.000000,433670.000000
hk00573,2010-10-08,3.000000,3.000000,2.980000,2.980000,3.000000,-0.006667,44000.000000,131380.000000
hk00573,2010-10-07,3.000000,3.000000,2.970000,3.000000,3.020000,-0.006623,110000.000000,329770.000000
hk00573,2010-10-06,3.000000,3.050000,3.000000,3.020000,2.990000,0.010033,176000.000000,531350.000000
hk00573,2010-10-05,2.960000,2.980000,2.950000,2.990000,2.950000,0.013559,40000.000000,118880.000000
hk00573,2010-10-04,2.950000,2.950000,2.950000,2.950000,2.950000,0.000000,34000.000000,100300.000000
hk00573,2010-09-30,2.950000,2.950000,2.950000,2.950000,2.950000,0.000000,102000.000000,300900.000000
hk00573,2010-09-29,2.970000,3.000000,2.910000,2.950000,2.970000,-0.006734,198500.000000,590810.000000
hk00573,2010-09-28,3.000000,3.010000,2.960000,2.970000,3.000000,-0.010000,71000.000000,212890.000000
hk00573,2010-09-27,2.940000,3.000000,2.930000,3.000000,2.940000,0.020408,387000.000000,1153800.000000
hk00573,2010-09-24,3.000000,3.000000,2.880000,2.940000,2.890000,0.017301,112000.000000,327200.000000
hk00573,2010-09-22,2.830000,2.940000,2.830000,2.890000,2.880000,0.003472,379000.000000,1088840.000000
hk00573,2010-09-21,2.850000,2.880000,2.850000,2.880000,2.870000,0.003484,78000.000000,223870.000000
hk00573,2010-09-20,2.830000,2.870000,2.830000,2.870000,2.910000,-0.013746,70000.000000,199600.000000
hk00573,2010-09-17,2.830000,2.920000,2.800000,2.910000,2.900000,0.003448,97000.000000,281010.000000
hk00573,2010-09-16,2.860000,2.920000,2.830000,2.900000,2.960000,-0.020270,57000.000000,165280.000000
hk00573,2010-09-15,2.930000,2.990000,2.920000,2.960000,3.010000,-0.016611,95000.000000,282000.000000
hk00573,2010-09-14,2.960000,3.020000,2.960000,3.010000,2.960000,0.016892,195000.000000,583840.000000
hk00573,2010-09-13,2.920000,3.000000,2.920000,2.960000,2.950000,0.003390,231000.000000,689030.000000
hk00573,2010-09-10,2.970000,3.030000,2.950000,2.950000,2.980000,-0.010067,183000.000000,545550.000000
hk00573,2010-09-09,2.900000,2.980000,2.880000,2.980000,2.890000,0.031142,289000.000000,841930.000000
hk00573,2010-09-08,2.900000,2.900000,2.880000,2.890000,2.900000,-0.003448,870000.000000,2522470.000000
hk00573,2010-09-07,2.900000,2.900000,2.890000,2.900000,2.900000,0.000000,475000.000000,1377280.000000
hk00573,2010-09-06,2.950000,2.960000,2.890000,2.900000,2.950000,-0.016949,808000.000000,2358510.000000
hk00573,2010-09-03,2.960000,3.020000,2.920000,2.950000,2.960000,-0.003378,402000.000000,1202840.000000
hk00573,2010-09-02,3.000000,3.040000,2.960000,2.960000,2.980000,-0.006711,124000.000000,373200.000000
hk00573,2010-09-01,2.970000,2.980000,2.970000,2.980000,2.960000,0.006757,17000.000000,50590.000000
hk00573,2010-08-31,3.000000,3.000000,2.960000,2.960000,3.000000,-0.013333,130000.000000,388810.000000
hk00573,2010-08-30,3.000000,3.020000,3.000000,3.000000,2.980000,0.006711,8000.000000,24040.000000
hk00573,2010-08-27,2.970000,2.980000,2.960000,2.980000,2.970000,0.003367,124000.000000,367340.000000
hk00573,2010-08-26,2.960000,3.000000,2.960000,2.970000,2.950000,0.006780,39000.000000,116150.000000
hk00573,2010-08-25,3.030000,3.030000,2.930000,2.950000,3.030000,-0.026403,134000.000000,401130.000000
hk00573,2010-08-24,3.000000,3.050000,3.000000,3.030000,3.000000,0.010000,42000.000000,126950.000000
hk00573,2010-08-23,3.050000,3.050000,2.970000,3.000000,3.030000,-0.009901,68000.000000,204090.000000
hk00573,2010-08-20,3.020000,3.030000,3.020000,3.030000,3.050000,-0.006557,105000.000000,318100.000000
hk00573,2010-08-19,3.020000,3.050000,3.020000,3.050000,3.020000,0.009934,101000.000000,307960.000000
hk00573,2010-08-18,3.020000,3.080000,3.000000,3.020000,3.080000,-0.019481,74000.000000,223640.000000
hk00573,2010-08-17,2.990000,3.100000,2.990000,3.080000,3.000000,0.026667,178000.000000,537700.000000
hk00573,2010-08-16,2.980000,3.000000,2.980000,3.000000,2.980000,0.006711,132000.000000,395180.000000
hk00573,2010-08-13,3.000000,3.000000,2.970000,2.980000,3.000000,-0.006667,25000.000000,74550.000000
hk00573,2010-08-12,2.980000,3.000000,2.980000,3.000000,2.960000,0.013514,37000.000000,110530.000000
hk00573,2010-08-11,2.970000,2.970000,2.960000,2.960000,2.970000,-0.003367,37000.000000,109630.000000
hk00573,2010-08-10,2.970000,3.000000,2.960000,2.970000,3.000000,-0.010000,121000.000000,359710.000000
hk00573,2010-08-09,3.000000,3.020000,3.000000,3.000000,3.010000,-0.003322,156000.000000,469580.000000
hk00573,2010-08-06,3.000000,3.040000,2.990000,3.010000,3.000000,0.003333,474000.000000,1426840.000000
hk00573,2010-08-05,2.970000,3.000000,2.960000,3.000000,2.970000,0.010101,77746.000000,230846.000000
hk00573,2010-08-04,2.990000,3.000000,2.960000,2.970000,3.000000,-0.010000,19000.000000,56770.000000
hk00573,2010-08-03,3.000000,3.030000,2.980000,3.000000,3.000000,0.000000,213000.000000,642340.000000
hk00573,2010-08-02,3.000000,3.020000,2.960000,3.000000,2.980000,0.006711,280000.000000,842800.000000
hk00573,2010-07-30,2.980000,2.980000,2.980000,2.980000,2.980000,0.000000,32000.000000,95360.000000
hk00573,2010-07-29,2.960000,3.000000,2.940000,2.980000,2.960000,0.006757,584000.000000,1742230.000000
hk00573,2010-07-28,2.960000,2.970000,2.900000,2.960000,2.970000,-0.003367,714000.000000,2116590.000000
hk00573,2010-07-27,2.960000,2.970000,2.930000,2.970000,2.960000,0.003378,140000.000000,413840.000000
hk00573,2010-07-26,3.000000,3.000000,2.950000,2.960000,2.960000,0.000000,265000.000000,784190.000000
hk00573,2010-07-23,2.960000,3.020000,2.960000,2.960000,2.950000,0.003390,56000.000000,166080.000000
hk00573,2010-07-22,2.880000,3.000000,2.880000,2.950000,2.870000,0.027875,105000.000000,312410.000000
hk00573,2010-07-21,2.910000,2.910000,2.850000,2.870000,2.910000,-0.013746,61000.000000,176330.000000
hk00573,2010-07-20,2.900000,2.930000,2.900000,2.910000,2.850000,0.021053,95000.000000,276790.000000
hk00573,2010-07-19,2.900000,2.920000,2.820000,2.850000,2.910000,-0.020619,51000.000000,145500.000000
hk00573,2010-07-16,2.880000,2.930000,2.880000,2.910000,2.870000,0.013937,27000.000000,78680.000000
hk00573,2010-07-15,2.930000,2.930000,2.870000,2.870000,2.930000,-0.020478,54000.000000,156980.000000
hk00573,2010-07-14,2.930000,2.940000,2.930000,2.930000,2.930000,0.000000,14000.000000,41050.000000
hk00573,2010-07-13,2.940000,2.950000,2.930000,2.930000,2.930000,0.000000,203000.000000,596560.000000
hk00573,2010-07-12,2.950000,2.950000,2.930000,2.930000,2.970000,-0.013468,77000.000000,226430.000000
hk00573,2010-07-09,2.970000,3.050000,2.900000,2.970000,2.990000,-0.006689,115000.000000,342510.000000
hk00573,2010-07-08,3.000000,3.070000,2.990000,2.990000,3.010000,-0.006645,446000.000000,1343680.000000
hk00573,2010-07-07,3.000000,3.010000,2.950000,3.010000,3.000000,0.003333,210000.000000,628230.000000
hk00573,2010-07-06,2.920000,3.000000,2.920000,3.000000,2.930000,0.023891,48000.000000,142750.000000
hk00573,2010-07-05,3.000000,3.000000,2.930000,2.930000,3.010000,-0.026578,177000.000000,523070.000000
hk00573,2010-07-02,3.100000,3.120000,3.000000,3.010000,3.090000,-0.025890,231000.000000,714910.000000
hk00573,2010-06-30,3.010000,3.120000,2.950000,3.090000,2.930000,0.054608,1420273.000000,4240700.000000
hk00573,2010-06-29,2.910000,3.000000,2.910000,2.930000,2.930000,0.000000,206000.000000,604700.000000
hk00573,2010-06-28,3.080000,3.080000,2.930000,2.930000,2.930000,0.000000,159000.000000,469050.000000
hk00573,2010-06-25,2.930000,2.930000,2.930000,2.930000,2.930000,0.000000,95000.000000,278350.000000
hk00573,2010-06-24,2.900000,2.950000,2.900000,2.930000,2.950000,-0.006780,265000.000000,777910.000000
hk00573,2010-06-23,2.800000,2.950000,2.800000,2.950000,2.850000,0.035088,104000.000000,301490.000000
hk00573,2010-06-22,2.850000,2.870000,2.850000,2.850000,2.850000,0.000000,59000.000000,168450.000000
hk00573,2010-06-21,2.850000,2.850000,2.850000,2.850000,2.800000,0.017857,119000.000000,339150.000000
hk00573,2010-06-18,2.770000,2.800000,2.770000,2.800000,2.810000,-0.003559,42000.000000,116490.000000
hk00573,2010-06-17,2.850000,2.900000,2.800000,2.810000,2.850000,-0.014035,86000.000000,245210.000000
hk00573,2010-06-15,2.850000,2.850000,2.850000,2.850000,2.850000,0.000000,11000.000000,31350.000000
hk00573,2010-06-14,2.770000,2.900000,2.770000,2.850000,2.850000,0.000000,115000.000000,327440.000000
hk00573,2010-06-11,2.810000,2.850000,2.800000,2.850000,2.750000,0.036364,89000.000000,251590.000000
hk00573,2010-06-10,2.740000,2.760000,2.740000,2.750000,2.760000,-0.003623,93000.000000,256070.000000
hk00573,2010-06-09,2.840000,2.840000,2.730000,2.760000,2.860000,-0.034965,78000.000000,217370.000000
hk00573,2010-06-08,2.850000,2.890000,2.770000,2.860000,2.880000,-0.006944,3387000.000000,9655420.000000
hk00573,2010-06-07,2.800000,2.900000,2.780000,2.880000,2.850000,0.010526,122000.000000,341400.000000
hk00573,2010-06-04,2.840000,2.900000,2.840000,2.850000,2.800000,0.017857,55000.000000,157120.000000
hk00573,2010-06-03,2.840000,2.850000,2.800000,2.800000,2.780000,0.007194,115000.000000,324910.000000
hk00573,2010-06-02,2.830000,2.830000,2.710000,2.780000,2.830000,-0.017668,92000.000000,254990.000000
hk00573,2010-06-01,2.800000,2.850000,2.800000,2.830000,2.790000,0.014337,14000.000000,39800.000000
hk00573,2010-05-31,2.750000,2.830000,2.750000,2.790000,2.830000,-0.014134,39000.000000,108720.000000
hk00573,2010-05-28,2.800000,2.830000,2.750000,2.830000,2.880000,-0.017361,68000.000000,190540.000000
hk00573,2010-05-27,2.830000,2.900000,2.820000,2.880000,2.800000,0.028571,109000.000000,311110.000000
hk00573,2010-05-26,2.820000,2.850000,2.800000,2.800000,2.900000,-0.034483,39000.000000,110040.000000
hk00573,2010-05-25,2.810000,2.900000,2.800000,2.900000,2.880000,0.006944,71000.000000,200140.000000
hk00573,2010-05-24,2.820000,2.920000,2.820000,2.880000,2.860000,0.006993,126000.000000,364690.000000
hk00573,2010-05-20,2.850000,2.880000,2.800000,2.860000,2.850000,0.003509,153000.000000,433810.000000
hk00573,2010-05-19,2.850000,2.860000,2.850000,2.850000,2.850000,0.000000,402000.000000,1145880.000000
hk00573,2010-05-18,2.950000,2.950000,2.840000,2.850000,2.950000,-0.033898,32000.000000,91660.000000
hk00573,2010-05-17,2.900000,2.950000,2.900000,2.950000,3.000000,-0.016667,60000.000000,174510.000000
hk00573,2010-05-14,2.930000,3.000000,2.930000,3.000000,2.950000,0.016949,221000.000000,658600.000000
hk00573,2010-05-13,2.920000,2.950000,2.920000,2.950000,2.910000,0.013746,2000.000000,5870.000000
hk00573,2010-05-12,2.910000,2.910000,2.900000,2.910000,2.950000,-0.013559,39000.000000,113290.000000
hk00573,2010-05-11,2.910000,2.950000,2.910000,2.950000,2.910000,0.013746,11000.000000,32410.000000
hk00573,2010-05-10,2.860000,2.950000,2.860000,2.910000,2.900000,0.003448,33000.000000,96580.000000
hk00573,2010-05-07,2.890000,2.950000,2.850000,2.900000,2.910000,-0.003436,55000.000000,158730.000000
hk00573,2010-05-06,2.890000,2.910000,2.890000,2.910000,2.910000,0.000000,42000.000000,121990.000000
hk00573,2010-05-05,2.970000,2.970000,2.910000,2.910000,3.000000,-0.030000,127000.000000,372100.000000
hk00573,2010-05-04,2.950000,3.070000,2.950000,3.000000,3.010000,-0.003322,28000.000000,83940.000000
hk00573,2010-05-03,2.920000,3.000000,2.920000,3.010000,3.040000,-0.009868,21000.000000,62750.000000
hk00573,2010-04-30,3.000000,3.040000,3.000000,3.040000,3.070000,-0.009772,15000.000000,45350.000000
hk00573,2010-04-29,3.070000,3.070000,2.970000,3.070000,3.010000,0.019934,64000.000000,194480.000000
hk00573,2010-04-28,2.990000,3.060000,2.960000,3.010000,2.990000,0.006689,61000.000000,183760.000000
hk00573,2010-04-27,2.970000,3.070000,2.970000,2.990000,2.990000,0.000000,1114000.000000,3363390.000000
hk00573,2010-04-26,3.000000,3.030000,2.990000,2.990000,2.990000,0.000000,141000.000000,423160.000000
hk00573,2010-04-23,3.000000,3.000000,2.990000,2.990000,2.980000,0.003356,180000.000000,538500.000000
hk00573,2010-04-22,2.900000,3.050000,2.880000,2.980000,2.950000,0.010169,421000.000000,1257220.000000
hk00573,2010-04-21,2.960000,2.960000,2.900000,2.950000,2.940000,0.003401,87000.000000,254430.000000
hk00573,2010-04-20,2.920000,2.980000,2.900000,2.940000,2.900000,0.013793,451000.000000,1326930.000000
hk00573,2010-04-19,2.920000,2.950000,2.890000,2.900000,2.950000,-0.016949,383000.000000,1117600.000000
hk00573,2010-04-16,3.000000,3.000000,2.940000,2.950000,3.000000,-0.016667,929000.000000,2746950.000000
hk00573,2010-04-15,3.050000,3.090000,2.980000,3.000000,3.060000,-0.019608,596000.000000,1814330.000000
hk00573,2010-04-14,3.120000,3.120000,3.050000,3.060000,3.100000,-0.012903,126000.000000,386480.000000
hk00573,2010-04-13,3.100000,3.110000,3.100000,3.100000,3.120000,-0.006410,161000.000000,499150.000000
hk00573,2010-04-12,3.100000,3.120000,3.070000,3.120000,3.120000,0.000000,118000.000000,364310.000000
hk00573,2010-04-09,3.120000,3.130000,3.100000,3.120000,3.120000,0.000000,939000.000000,2927310.000000
hk00573,2010-04-08,3.110000,3.140000,3.100000,3.120000,3.150000,-0.009524,49000.000000,152770.000000
hk00573,2010-04-07,3.120000,3.170000,3.100000,3.150000,3.120000,0.009615,134000.000000,418540.000000
hk00573,2010-04-01,3.050000,3.150000,3.050000,3.120000,3.100000,0.006452,171000.000000,529790.000000
hk00573,2010-03-31,3.160000,3.160000,3.020000,3.100000,3.180000,-0.025157,504000.000000,1549000.000000
hk00573,2010-03-30,3.190000,3.200000,3.180000,3.180000,3.190000,-0.003135,309000.000000,985660.000000
hk00573,2010-03-29,3.180000,3.230000,3.180000,3.190000,3.180000,0.003145,110000.000000,351550.000000
hk00573,2010-03-26,3.120000,3.180000,3.120000,3.180000,3.150000,0.009524,45000.000000,142490.000000
hk00573,2010-03-25,3.150000,3.180000,3.150000,3.150000,3.150000,0.000000,41000.000000,129500.000000
hk00573,2010-03-24,3.150000,3.170000,3.150000,3.150000,3.150000,0.000000,83000.000000,262430.000000
hk00573,2010-03-23,3.150000,3.160000,3.130000,3.150000,3.150000,0.000000,295000.000000,931320.000000
hk00573,2010-03-22,3.120000,3.150000,3.100000,3.150000,3.140000,0.003185,107000.000000,334230.000000
hk00573,2010-03-19,3.090000,3.140000,3.090000,3.140000,3.110000,0.009646,77000.000000,241380.000000
hk00573,2010-03-18,3.100000,3.110000,3.100000,3.110000,3.140000,-0.009554,2000.000000,6210.000000
hk00573,2010-03-17,3.110000,3.140000,3.110000,3.140000,3.100000,0.012903,103000.000000,320590.000000
hk00573,2010-03-16,3.100000,3.150000,3.100000,3.100000,3.150000,-0.015873,29000.000000,90490.000000
hk00573,2010-03-15,3.110000,3.150000,3.110000,3.150000,3.160000,-0.003165,3000.000000,9370.000000
hk00573,2010-03-12,3.100000,3.160000,3.100000,3.160000,3.150000,0.003175,58000.000000,182070.000000
hk00573,2010-03-11,3.150000,3.150000,3.150000,3.150000,3.110000,0.012862,187000.000000,589050.000000
hk00573,2010-03-10,3.200000,3.200000,3.110000,3.110000,3.120000,-0.003205,268000.000000,855640.000000
hk00573,2010-03-09,3.150000,3.150000,3.110000,3.120000,3.150000,-0.009524,191000.000000,601490.000000
hk00573,2010-03-08,3.100000,3.150000,3.100000,3.150000,3.140000,0.003185,163000.000000,511010.000000
hk00573,2010-03-05,3.100000,3.140000,3.090000,3.140000,3.140000,0.000000,853000.000000,2644360.000000
hk00573,2010-03-04,3.150000,3.150000,3.140000,3.140000,3.150000,-0.003175,45000.000000,141320.000000
hk00573,2010-03-03,3.140000,3.150000,3.140000,3.150000,3.160000,-0.003165,716000.000000,2253270.000000
hk00573,2010-03-02,3.120000,3.160000,3.120000,3.160000,3.150000,0.003175,27000.000000,84630.000000
hk00573,2010-03-01,3.130000,3.150000,3.120000,3.150000,3.130000,0.006390,603000.000000,1892610.000000
hk00573,2010-02-26,3.160000,3.160000,3.130000,3.130000,3.150000,-0.006349,887000.000000,2776730.000000
hk00573,2010-02-25,3.150000,3.150000,3.100000,3.150000,3.160000,-0.003165,87000.000000,273400.000000
hk00573,2010-02-24,3.150000,3.160000,3.140000,3.160000,3.230000,-0.021672,143000.000000,451190.000000
hk00573,2010-02-23,3.150000,3.230000,3.150000,3.230000,3.140000,0.028662,219000.000000,696730.000000
hk00573,2010-02-22,3.110000,3.230000,3.110000,3.140000,3.140000,0.000000,252000.000000,809450.000000
hk00573,2010-02-19,3.150000,3.150000,3.140000,3.140000,3.150000,-0.003175,35000.000000,110140.000000
hk00573,2010-02-18,3.170000,3.170000,3.150000,3.150000,3.120000,0.009615,36000.000000,114040.000000
hk00573,2010-02-17,3.150000,3.150000,3.100000,3.120000,3.110000,0.003215,130000.000000,405110.000000
hk00573,2010-02-12,3.120000,3.120000,3.110000,3.110000,3.110000,0.000000,112000.000000,348370.000000
hk00573,2010-02-11,3.190000,3.190000,3.110000,3.110000,3.190000,-0.025078,160000.000000,499380.000000
hk00573,2010-02-10,3.110000,3.190000,3.110000,3.190000,3.130000,0.019169,183000.000000,569900.000000
hk00573,2010-02-09,3.200000,3.200000,3.110000,3.130000,3.170000,-0.012618,74000.000000,233830.000000
hk00573,2010-02-08,3.090000,3.170000,3.080000,3.170000,3.060000,0.035948,83000.000000,257900.000000
hk00573,2010-02-05,3.000000,3.060000,3.000000,3.060000,3.130000,-0.022364,436000.000000,1308190.000000
hk00573,2010-02-04,3.040000,3.130000,3.040000,3.130000,3.100000,0.009677,5000.000000,15500.000000
hk00573,2010-02-03,3.070000,3.170000,3.070000,3.100000,3.060000,0.013072,27000.000000,83080.000000
hk00573,2010-02-02,3.000000,3.170000,3.000000,3.060000,3.100000,-0.012903,251000.000000,780050.000000
hk00573,2010-02-01,3.100000,3.100000,3.100000,3.100000,3.190000,-0.028213,118000.000000,365800.000000
hk00573,2010-01-29,3.100000,3.200000,3.000000,3.190000,3.030000,0.052805,97000.000000,295500.000000
hk00573,2010-01-28,3.050000,3.080000,3.030000,3.030000,3.030000,0.000000,10000.000000,30430.000000
hk00573,2010-01-27,3.000000,3.100000,3.000000,3.030000,3.100000,-0.022581,136000.000000,421400.000000
hk00573,2010-01-26,3.030000,3.050000,3.030000,3.100000,3.150000,-0.015873,99000.000000,301850.000000
hk00573,2010-01-25,3.150000,3.150000,3.150000,3.150000,3.130000,0.006390,35000.000000,110250.000000
hk00573,2010-01-22,3.200000,3.220000,3.100000,3.130000,3.220000,-0.027950,176000.000000,553300.000000
hk00573,2010-01-21,3.210000,3.230000,3.210000,3.220000,3.220000,0.000000,131000.000000,422440.000000
hk00573,2010-01-20,3.180000,3.230000,3.180000,3.220000,3.260000,-0.012270,38000.000000,122180.000000
hk00573,2010-01-19,3.270000,3.280000,3.240000,3.260000,3.270000,-0.003058,283700.000000,928926.000000
hk00573,2010-01-18,3.210000,3.280000,3.210000,3.270000,3.280000,-0.003049,74000.000000,241020.000000
hk00573,2010-01-15,3.280000,3.280000,3.230000,3.280000,3.220000,0.018634,358000.000000,1166940.000000
hk00573,2010-01-14,3.230000,3.250000,3.210000,3.220000,3.230000,-0.003096,209000.000000,677100.000000
hk00573,2010-01-13,3.280000,3.280000,3.230000,3.230000,3.270000,-0.012232,418000.000000,1356570.000000
hk00573,2010-01-12,3.210000,3.270000,3.200000,3.270000,3.260000,0.003067,205000.000000,659280.000000
hk00573,2010-01-11,3.200000,3.330000,3.190000,3.260000,3.180000,0.025157,855000.000000,2803280.000000
hk00573,2010-01-08,3.210000,3.240000,3.130000,3.180000,3.160000,0.006329,78000.000000,250350.000000
hk00573,2010-01-07,3.160000,3.200000,3.160000,3.160000,3.200000,-0.012500,155720.000000,492707.000000
hk00573,2010-01-06,3.220000,3.240000,3.180000,3.200000,3.170000,0.009464,177000.000000,566560.000000
hk00573,2010-01-05,3.230000,3.230000,3.170000,3.170000,3.130000,0.012780,268000.000000,856040.000000
hk00573,2010-01-04,3.130000,3.160000,3.130000,3.130000,3.240000,-0.033951,12000.000000,37820.000000
hk00573,2009-12-31,3.150000,3.250000,3.150000,3.240000,3.150000,0.028571,14000.000000,44850.000000
hk00573,2009-12-30,3.120000,3.150000,3.120000,3.150000,3.210000,-0.018692,14000.000000,43940.000000
hk00573,2009-12-29,3.200000,3.220000,3.110000,3.210000,3.200000,0.003125,71000.000000,225410.000000
hk00573,2009-12-28,3.200000,3.220000,3.150000,3.200000,3.210000,-0.003115,146000.000000,467820.000000
hk00573,2009-12-24,3.140000,3.210000,3.140000,3.210000,3.190000,0.006270,153000.000000,483160.000000
hk00573,2009-12-23,3.140000,3.210000,3.140000,3.190000,3.140000,0.015924,321000.000000,1025610.000000
hk00573,2009-12-22,3.110000,3.140000,3.100000,3.140000,3.120000,0.006410,39000.000000,121000.000000
hk00573,2009-12-21,3.080000,3.190000,3.080000,3.120000,3.080000,0.012987,171000.000000,541610.000000
hk00573,2009-12-18,3.100000,3.100000,3.080000,3.080000,3.120000,-0.012821,117000.000000,360650.000000
hk00573,2009-12-17,3.100000,3.140000,3.100000,3.120000,3.100000,0.006452,166000.000000,517030.000000
hk00573,2009-12-16,3.060000,3.120000,3.060000,3.100000,3.080000,0.006494,22000.000000,68140.000000
hk00573,2009-12-15,3.080000,3.120000,3.080000,3.080000,3.100000,-0.006452,20000.000000,61830.000000
hk00573,2009-12-14,3.100000,3.150000,3.100000,3.100000,3.220000,-0.037267,130000.000000,406180.000000
hk00573,2009-12-11,3.100000,3.230000,3.070000,3.220000,3.090000,0.042071,296000.000000,937320.000000
hk00573,2009-12-10,3.190000,3.200000,3.060000,3.090000,3.190000,-0.031348,166000.000000,523150.000000
hk00573,2009-12-09,3.200000,3.200000,3.130000,3.190000,3.200000,-0.003125,64000.000000,202160.000000
hk00573,2009-12-08,3.250000,3.250000,3.180000,3.200000,3.210000,-0.003115,399000.000000,1281760.000000
hk00573,2009-12-07,3.120000,3.250000,3.120000,3.210000,3.160000,0.015823,398000.000000,1281550.000000
hk00573,2009-12-04,3.160000,3.200000,3.160000,3.160000,3.160000,0.000000,189000.000000,602980.000000
hk00573,2009-12-03,3.220000,3.220000,3.100000,3.160000,3.200000,-0.012500,187000.000000,598910.000000
hk00573,2009-12-02,3.200000,3.300000,3.100000,3.200000,3.220000,-0.006211,926000.000000,2975570.000000
hk00573,2009-12-01,3.030000,3.220000,2.940000,3.220000,3.030000,0.062706,535000.000000,1703180.000000
hk00573,2009-11-30,2.930000,3.030000,2.930000,3.030000,2.930000,0.034130,34000.000000,101620.000000
hk00573,2009-11-27,3.000000,3.000000,2.930000,2.930000,3.060000,-0.042484,147000.000000,435240.000000
hk00573,2009-11-26,3.010000,3.070000,3.000000,3.060000,3.070000,-0.003257,68000.000000,206750.000000
hk00573,2009-11-25,3.080000,3.080000,2.990000,3.070000,3.080000,-0.003247,77000.000000,233900.000000
hk00573,2009-11-24,3.160000,3.160000,3.060000,3.080000,3.160000,-0.025316,253000.000000,778670.000000
hk00573,2009-11-23,3.160000,3.190000,3.160000,3.160000,3.190000,-0.009404,87000.000000,275890.000000
hk00573,2009-11-20,3.120000,3.230000,3.060000,3.190000,3.120000,0.022436,1434000.000000,4573720.000000
hk00573,2009-11-19,3.200000,3.200000,3.060000,3.120000,3.200000,-0.025000,528000.000000,1660020.000000
hk00573,2009-11-18,2.980000,3.210000,2.980000,3.200000,2.940000,0.088435,2137000.000000,6609650.000000
hk00573,2009-11-17,2.910000,2.940000,2.850000,2.940000,2.910000,0.010309,281000.000000,813280.000000
hk00573,2009-11-16,2.920000,2.980000,2.910000,2.910000,2.930000,-0.006826,295000.000000,862740.000000
hk00573,2009-11-13,2.740000,2.980000,2.740000,2.930000,2.700000,0.085185,81342000.000000,207887900.000000
hk00573,2009-11-12,2.700000,2.700000,2.690000,2.700000,2.700000,0.000000,45000.000000,121300.000000
hk00573,2009-11-11,2.700000,2.750000,2.700000,2.700000,2.700000,0.000000,195000.000000,534450.000000
hk00573,2009-11-10,2.670000,2.750000,2.660000,2.700000,2.700000,0.000000,275000.000000,751660.000000
hk00573,2009-11-09,2.750000,2.750000,2.700000,2.700000,2.750000,-0.018182,261000.000000,707700.000000
hk00573,2009-11-06,2.690000,2.750000,2.690000,2.750000,2.700000,0.018519,360000.000000,989900.000000
hk00573,2009-11-05,2.680000,2.700000,2.680000,2.700000,2.680000,0.007463,28000.000000,75210.000000
hk00573,2009-11-04,2.800000,2.800000,2.670000,2.680000,2.700000,-0.007407,134000.000000,369030.000000
hk00573,2009-11-03,2.630000,2.700000,2.630000,2.700000,2.630000,0.026616,31000.000000,82630.000000
hk00573,2009-11-02,2.650000,2.690000,2.630000,2.630000,2.690000,-0.022305,249000.000000,661870.000000
hk00573,2009-10-30,2.650000,2.710000,2.640000,2.690000,2.730000,-0.014652,117000.000000,310630.000000
hk00573,2009-10-29,2.680000,2.730000,2.670000,2.730000,2.750000,-0.007273,40000.000000,108040.000000
hk00573,2009-10-28,2.750000,2.760000,2.750000,2.750000,2.800000,-0.017857,52000.000000,143100.000000
hk00573,2009-10-27,2.800000,2.800000,2.750000,2.800000,2.800000,0.000000,92000.000000,255330.000000
hk00573,2009-10-23,2.700000,2.830000,2.700000,2.800000,2.790000,0.003584,199000.000000,558180.000000
hk00573,2009-10-22,2.800000,2.830000,2.790000,2.790000,2.800000,-0.003571,100000.000000,280090.000000
hk00573,2009-10-21,2.770000,2.820000,2.770000,2.800000,2.810000,-0.003559,81000.000000,226700.000000
hk00573,2009-10-20,2.800000,2.850000,2.760000,2.810000,2.750000,0.021818,617000.000000,1729610.000000
hk00573,2009-10-19,2.750000,2.850000,2.720000,2.750000,2.750000,0.000000,204000.000000,568880.000000
hk00573,2009-10-16,2.770000,2.780000,2.730000,2.750000,2.780000,-0.010791,43000.000000,118280.000000
hk00573,2009-10-15,2.700000,2.780000,2.700000,2.780000,2.700000,0.029630,152000.000000,414030.000000
hk00573,2009-10-14,2.720000,2.730000,2.700000,2.700000,2.640000,0.022727,22000.000000,59720.000000
hk00573,2009-10-13,2.690000,2.800000,2.620000,2.640000,2.710000,-0.025830,60000.000000,161950.000000
hk00573,2009-10-12,2.730000,2.790000,2.680000,2.710000,2.620000,0.034351,248000.000000,675580.000000
hk00573,2009-10-09,2.730000,2.780000,2.530000,2.620000,2.750000,-0.047273,137000.000000,357100.000000
hk00573,2009-10-08,2.770000,2.780000,2.720000,2.750000,2.790000,-0.014337,160000.000000,438420.000000
hk00573,2009-10-07,2.720000,2.790000,2.640000,2.790000,2.720000,0.025735,104000.000000,283430.000000
hk00573,2009-10-06,2.730000,2.730000,2.670000,2.720000,2.710000,0.003690,55000.000000,148980.000000
hk00573,2009-10-05,2.700000,2.720000,2.640000,2.710000,2.680000,0.011194,96000.000000,259360.000000
hk00573,2009-10-02,2.700000,2.700000,2.660000,2.680000,2.700000,-0.007407,63000.000000,168600.000000
hk00573,2009-09-30,2.770000,2.770000,2.690000,2.700000,2.770000,-0.025271,70000.000000,191315.000000
hk00573,2009-09-29,2.600000,2.810000,2.600000,2.770000,2.750000,0.007273,211000.000000,585130.000000
hk00573,2009-09-28,2.800000,2.800000,2.730000,2.750000,2.750000,0.000000,132000.000000,365570.000000
hk00573,2009-09-25,2.730000,2.880000,2.730000,2.750000,2.720000,0.011029,394000.000000,1102830.000000
hk00573,2009-09-24,2.700000,2.730000,2.680000,2.720000,2.680000,0.014925,654000.000000,1768430.000000
hk00573,2009-09-23,2.460000,2.750000,2.460000,2.680000,2.460000,0.089431,1206000.000000,3203250.000000
hk00573,2009-09-22,2.500000,2.560000,2.450000,2.460000,2.410000,0.020747,255000.000000,645110.000000
hk00573,2009-09-21,2.470000,2.500000,2.400000,2.410000,2.480000,-0.028226,158000.000000,386070.000000
hk00573,2009-09-18,2.500000,2.500000,2.480000,2.480000,2.520000,-0.015873,23000.000000,57100.000000
hk00573,2009-09-17,2.500000,2.520000,2.500000,2.520000,2.490000,0.012048,433819.000000,1084968.000000
hk00573,2009-09-16,2.500000,2.560000,2.480000,2.490000,2.500000,-0.004000,131000.000000,329340.000000
hk00573,2009-09-15,2.500000,2.500000,2.500000,2.500000,2.500000,0.000000,4000.000000,10000.000000
hk00573,2009-09-14,2.500000,2.530000,2.500000,2.500000,2.530000,-0.011858,305000.000000,762970.000000
hk00573,2009-09-11,2.390000,2.600000,2.390000,2.530000,2.380000,0.063025,741000.000000,1873610.000000
hk00573,2009-09-10,2.400000,2.400000,2.360000,2.380000,2.400000,-0.008333,161000.000000,384690.000000
hk00573,2009-09-09,2.360000,2.400000,2.340000,2.400000,2.360000,0.016949,198000.000000,469860.000000
hk00573,2009-09-08,2.320000,2.360000,2.320000,2.360000,2.380000,-0.008403,88000.000000,207630.000000
hk00573,2009-09-07,2.400000,2.400000,2.380000,2.380000,2.400000,-0.008333,208000.000000,497160.000000
hk00573,2009-09-04,2.400000,2.400000,2.380000,2.400000,2.350000,0.021277,220000.000000,527980.000000
hk00573,2009-09-03,2.380000,2.380000,2.350000,2.350000,2.320000,0.012931,2000.000000,4730.000000
hk00573,2009-09-02,2.320000,2.330000,2.300000,2.320000,2.300000,0.008696,77000.000000,178070.000000
hk00573,2009-09-01,2.300000,2.300000,2.300000,2.300000,2.340000,-0.017094,7000.000000,16100.000000
hk00573,2009-08-31,2.300000,2.350000,2.300000,2.340000,2.350000,-0.004255,16000.000000,37360.000000
hk00573,2009-08-28,2.350000,2.350000,2.350000,2.350000,2.350000,0.000000,79000.000000,185650.000000
hk00573,2009-08-27,2.350000,2.350000,2.350000,2.350000,2.350000,0.000000,100000.000000,235000.000000
hk00573,2009-08-26,2.450000,2.450000,2.350000,2.350000,2.330000,0.008584,53000.000000,129510.000000
hk00573,2009-08-25,2.300000,2.330000,2.300000,2.330000,2.310000,0.008658,8000.000000,18440.000000
hk00573,2009-08-24,2.320000,2.320000,2.300000,2.310000,2.380000,-0.029412,159000.000000,366200.000000
hk00573,2009-08-21,2.350000,2.400000,2.350000,2.380000,2.350000,0.012766,4000.000000,9500.000000
hk00573,2009-08-19,2.300000,2.350000,2.290000,2.350000,2.350000,0.000000,68000.000000,156450.000000
hk00573,2009-08-18,2.350000,2.350000,2.350000,2.350000,2.350000,0.000000,6000.000000,14100.000000
hk00573,2009-08-17,2.350000,2.350000,2.350000,2.350000,2.400000,-0.020833,39000.000000,91650.000000
hk00573,2009-08-14,2.420000,2.450000,2.400000,2.400000,2.430000,-0.012346,125000.000000,300670.000000
hk00573,2009-08-13,2.380000,2.460000,2.380000,2.430000,2.400000,0.012500,264000.000000,642910.000000
hk00573,2009-08-12,2.400000,2.400000,2.400000,2.400000,2.400000,0.000000,10000.000000,24000.000000
hk00573,2009-08-11,2.400000,2.450000,2.400000,2.400000,2.350000,0.021277,109000.000000,264610.000000
hk00573,2009-08-10,2.310000,2.420000,2.310000,2.350000,2.300000,0.021739,122000.000000,293440.000000
hk00573,2009-08-07,2.420000,2.420000,2.300000,2.300000,2.450000,-0.061224,179000.000000,415130.000000
hk00573,2009-08-06,2.400000,2.450000,2.390000,2.450000,2.400000,0.020833,199000.000000,483670.000000
hk00573,2009-08-05,2.410000,2.480000,2.370000,2.400000,2.450000,-0.020408,165000.000000,400300.000000
hk00573,2009-08-04,2.480000,2.480000,2.370000,2.450000,2.450000,0.000000,304000.000000,738480.000000
hk00573,2009-08-03,2.430000,2.500000,2.430000,2.450000,2.450000,0.000000,218000.000000,534040.000000
hk00573,2009-07-31,2.370000,2.450000,2.360000,2.450000,2.370000,0.033755,297000.000000,709330.000000
hk00573,2009-07-30,2.360000,2.400000,2.360000,2.370000,2.420000,-0.020661,168000.000000,397970.000000
hk00573,2009-07-29,2.370000,2.440000,2.370000,2.420000,2.400000,0.008333,259000.000000,619330.000000
hk00573,2009-07-28,2.360000,2.400000,2.360000,2.400000,2.480000,-0.032258,7000.000000,16640.000000
hk00573,2009-07-27,2.300000,2.480000,2.290000,2.480000,2.330000,0.064378,677000.000000,1609370.000000
hk00573,2009-07-24,2.280000,2.350000,2.260000,2.330000,2.260000,0.030973,750000.000000,1746210.000000
hk00573,2009-07-23,2.250000,2.250000,2.250000,2.260000,2.300000,-0.017391,1000.000000,2250.000000
hk00573,2009-07-22,2.250000,2.300000,2.250000,2.300000,2.240000,0.026786,582000.000000,1330920.000000
hk00573,2009-07-21,2.210000,2.240000,2.200000,2.240000,2.260000,-0.008850,23000.000000,50880.000000
hk00573,2009-07-20,2.250000,2.280000,2.200000,2.260000,2.250000,0.004444,320000.000000,725560.000000
hk00573,2009-07-17,2.180000,2.250000,2.180000,2.250000,2.240000,0.004464,428000.000000,945240.000000
hk00573,2009-07-16,2.220000,2.280000,2.200000,2.240000,2.210000,0.013575,151000.000000,334510.000000
hk00573,2009-07-15,2.180000,2.300000,2.180000,2.210000,2.170000,0.018433,84000.000000,191800.000000
hk00573,2009-07-14,2.210000,2.210000,2.150000,2.170000,2.210000,-0.018100,4000.000000,8730.000000
hk00573,2009-07-13,2.210000,2.210000,2.210000,2.210000,2.230000,-0.008969,112000.000000,247520.000000
hk00573,2009-07-10,2.140000,2.250000,2.140000,2.230000,2.270000,-0.017621,17000.000000,37780.000000
hk00573,2009-07-09,2.250000,2.280000,2.230000,2.270000,2.250000,0.008889,303000.000000,684980.000000
hk00573,2009-07-08,2.180000,2.250000,2.180000,2.250000,2.210000,0.018100,268000.000000,602830.000000
hk00573,2009-07-07,2.210000,2.210000,2.210000,2.210000,2.250000,-0.017778,9000.000000,19890.000000
hk00573,2009-07-06,2.130000,2.250000,2.130000,2.250000,2.230000,0.008969,30000.000000,67260.000000
hk00573,2009-07-03,2.200000,2.300000,2.200000,2.230000,2.170000,0.027650,2092000.000000,4651310.000000
hk00573,2009-07-02,2.160000,2.170000,2.160000,2.170000,2.160000,0.004630,88000.000000,190950.000000
hk00573,2009-06-30,2.110000,2.200000,2.110000,2.160000,2.110000,0.023697,94000.000000,203320.000000
hk00573,2009-06-29,2.200000,2.200000,2.110000,2.110000,2.200000,-0.040909,64000.000000,138010.000000
hk00573,2009-06-26,2.150000,2.300000,2.150000,2.200000,2.150000,0.023256,8000.000000,17850.000000
hk00573,2009-06-25,2.150000,2.150000,2.150000,2.150000,2.110000,0.018957,3000.000000,6450.000000
hk00573,2009-06-24,2.100000,2.110000,2.100000,2.110000,2.120000,-0.004717,11000.000000,23160.000000
hk00573,2009-06-23,2.120000,2.120000,2.120000,2.120000,2.200000,-0.036364,22000.000000,46640.000000
hk00573,2009-06-22,2.150000,2.210000,2.080000,2.200000,2.170000,0.013825,197000.000000,433390.000000
hk00573,2009-06-19,2.210000,2.210000,2.150000,2.170000,2.210000,-0.018100,27000.000000,58650.000000
hk00573,2009-06-18,2.250000,2.250000,2.210000,2.210000,2.200000,0.004545,1178000.000000,2597980.000000
hk00573,2009-06-17,2.220000,2.220000,2.190000,2.200000,2.250000,-0.022222,53000.000000,117590.000000
hk00573,2009-06-16,2.300000,2.300000,2.250000,2.250000,2.300000,-0.021739,1018000.000000,2290600.000000
hk00573,2009-06-15,2.300000,2.320000,2.300000,2.300000,2.340000,-0.017094,415000.000000,955490.000000
hk00573,2009-06-12,2.300000,2.380000,2.280000,2.340000,2.310000,0.012987,203000.000000,473980.000000
hk00573,2009-06-11,2.340000,2.360000,2.310000,2.310000,2.340000,-0.012821,2102456.000000,4939991.000000
hk00573,2009-06-10,2.360000,2.400000,2.200000,2.340000,2.370000,-0.012658,68000.000000,160230.000000
hk00573,2009-06-09,2.300000,2.380000,2.250000,2.370000,2.250000,0.053333,275000.000000,630580.000000
hk00573,2009-06-08,2.410000,2.410000,2.200000,2.250000,2.370000,-0.050633,1591000.000000,3794910.000000
hk00573,2009-06-05,2.390000,2.420000,2.370000,2.370000,2.380000,-0.004202,164000.000000,392570.000000
hk00573,2009-06-04,2.140000,2.400000,2.140000,2.380000,2.250000,0.057778,4686000.000000,11107060.000000
hk00573,2009-06-03,2.140000,2.300000,2.140000,2.250000,2.250000,0.000000,869564.000000,1958101.000000
hk00573,2009-06-02,2.160000,2.250000,2.140000,2.250000,2.200000,0.022727,1289000.000000,2831570.000000
hk00573,2009-06-01,2.110000,2.200000,2.110000,2.200000,2.100000,0.047619,1621000.000000,3559350.000000
hk00573,2009-05-29,2.030000,2.100000,2.020000,2.100000,2.050000,0.024390,5287000.000000,11080720.000000
hk00573,2009-05-27,2.010000,2.060000,2.010000,2.050000,2.010000,0.019900,58000.000000,117650.000000
hk00573,2009-05-26,2.010000,2.010000,2.010000,2.010000,2.020000,-0.004950,260000.000000,522600.000000
hk00573,2009-05-25,2.010000,2.010000,2.010000,2.020000,2.010000,0.004975,53000.000000,106560.000000
hk00573,2009-05-22,2.010000,2.010000,2.010000,2.010000,2.010000,0.000000,136000.000000,273360.000000
hk00573,2009-05-21,2.010000,2.010000,2.000000,2.010000,2.010000,0.000000,271000.000000,544080.000000
hk00573,2009-05-20,2.000000,2.010000,2.000000,2.010000,2.000000,0.005000,81000.000000,162700.000000
hk00573,2009-05-19,2.000000,2.050000,1.990000,2.000000,1.990000,0.005025,5170000.000000,10349300.000000
hk00573,2009-05-18,2.000000,2.010000,1.950000,1.990000,2.000000,-0.005000,2358000.000000,4695290.000000
hk00573,2009-05-15,2.020000,2.020000,1.990000,2.000000,2.020000,-0.009901,1466000.000000,2930300.000000
hk00573,2009-05-14,2.020000,2.020000,2.020000,2.020000,2.100000,-0.038095,1000.000000,2020.000000
hk00573,2009-05-13,2.030000,2.100000,2.030000,2.100000,2.050000,0.024390,36000.000000,74240.000000
hk00573,2009-05-12,2.000000,2.050000,2.000000,2.050000,2.050000,0.000000,287000.000000,587620.000000
hk00573,2009-05-11,2.050000,2.100000,2.020000,2.050000,2.050000,0.000000,531000.000000,1087150.000000
hk00573,2009-05-08,2.050000,2.050000,2.000000,2.050000,2.030000,0.009852,2561000.000000,5143770.000000
hk00573,2009-05-07,2.000000,2.030000,2.000000,2.030000,2.020000,0.004950,597000.000000,1195990.000000
hk00573,2009-05-06,2.010000,2.090000,2.010000,2.020000,2.090000,-0.033493,131000.000000,266170.000000
hk00573,2009-05-05,2.030000,2.100000,2.030000,2.090000,2.020000,0.034653,8000.000000,16510.000000
hk00573,2009-05-04,2.000000,2.050000,2.000000,2.020000,2.000000,0.010000,94000.000000,190130.000000
hk00573,2009-04-30,2.000000,2.000000,2.000000,2.000000,2.000000,0.000000,490000.000000,980000.000000
hk00573,2009-04-29,2.000000,2.000000,2.000000,2.000000,2.000000,0.000000,1910000.000000,3822000.000000
hk00573,2009-04-28,2.000000,2.000000,2.000000,2.000000,2.000000,0.000000,252000.000000,504000.000000
hk00573,2009-04-27,2.000000,2.010000,1.990000,2.000000,2.000000,0.000000,680000.000000,1362030.000000
hk00573,2009-04-24,2.000000,2.000000,2.000000,2.000000,2.000000,0.000000,7000.000000,14000.000000
hk00573,2009-04-23,2.000000,2.000000,2.000000,2.000000,2.010000,-0.004975,101348.000000,202679.000000
hk00573,2009-04-22,2.000000,2.020000,2.000000,2.010000,2.000000,0.005000,66000.000000,133050.000000
hk00573,2009-04-21,2.000000,2.000000,1.990000,2.000000,2.010000,-0.004975,66000.000000,131800.000000
hk00573,2009-04-20,1.960000,2.010000,1.960000,2.010000,2.000000,0.005000,19000.000000,37930.000000
hk00573,2009-04-17,1.940000,2.000000,1.940000,2.000000,1.990000,0.005025,220200.000000,437846.000000
hk00573,2009-04-16,1.990000,2.000000,1.960000,1.990000,1.990000,0.000000,117000.000000,232790.000000
hk00573,2009-04-15,1.980000,2.000000,1.980000,1.990000,2.000000,-0.005000,138900.000000,276540.000000
hk00573,2009-04-14,1.960000,2.020000,1.920000,2.000000,1.950000,0.025641,593000.000000,1183760.000000
hk00573,2009-04-09,1.950000,1.960000,1.870000,1.950000,1.860000,0.048387,345000.000000,670030.000000
hk00573,2009-04-08,1.850000,1.860000,1.850000,1.860000,1.870000,-0.005348,11000.000000,20360.000000
hk00573,2009-04-07,1.900000,1.900000,1.850000,1.870000,1.910000,-0.020942,1581000.000000,2974200.000000
hk00573,2009-04-06,1.920000,1.940000,1.890000,1.910000,1.880000,0.015957,140000.000000,268100.000000
hk00573,2009-04-03,1.890000,1.890000,1.850000,1.880000,1.930000,-0.025907,53000.000000,98560.000000
hk00573,2009-04-02,1.990000,2.000000,1.890000,1.930000,1.890000,0.021164,45000.000000,88630.000000
hk00573,2009-04-01,1.900000,1.900000,1.880000,1.890000,1.780000,0.061798,94000.000000,177280.000000
hk00573,2009-03-31,1.850000,1.870000,1.780000,1.780000,1.790000,-0.005587,368000.000000,678680.000000
hk00573,2009-03-30,1.700000,1.790000,1.700000,1.790000,1.880000,-0.047872,37000.000000,66140.000000
hk00573,2009-03-27,1.830000,1.880000,1.830000,1.880000,1.850000,0.016216,29000.000000,54230.000000
hk00573,2009-03-26,1.830000,1.900000,1.830000,1.850000,1.870000,-0.010695,753000.000000,1390665.000000
hk00573,2009-03-25,1.720000,1.890000,1.720000,1.870000,1.710000,0.093567,546000.000000,970950.000000
hk00573,2009-03-24,1.720000,1.720000,1.680000,1.710000,1.720000,-0.005814,195000.000000,333100.000000
hk00573,2009-03-23,1.720000,1.720000,1.720000,1.720000,1.720000,0.000000,115000.000000,197800.000000
hk00573,2009-03-20,1.720000,1.720000,1.720000,1.720000,1.720000,0.000000,2000.000000,3440.000000
hk00573,2009-03-19,1.720000,1.720000,1.720000,1.720000,1.720000,0.000000,50000.000000,86000.000000
hk00573,2009-03-18,1.720000,1.720000,1.720000,1.720000,1.720000,0.000000,17000.000000,29240.000000
hk00573,2009-03-17,1.710000,1.720000,1.710000,1.720000,1.700000,0.011765,37000.000000,63290.000000
hk00573,2009-03-16,1.780000,1.780000,1.700000,1.700000,1.790000,-0.050279,276000.000000,474370.000000
hk00573,2009-03-13,1.530000,1.800000,1.530000,1.790000,1.530000,0.169935,215000.000000,353300.000000
hk00573,2009-03-12,1.530000,1.550000,1.530000,1.530000,1.530000,0.000000,30000.000000,46430.000000
hk00573,2009-03-11,1.530000,1.530000,1.520000,1.530000,1.520000,0.006579,68000.000000,104030.000000
hk00573,2009-03-10,1.510000,1.520000,1.500000,1.520000,1.500000,0.013333,161000.000000,243490.000000
hk00573,2009-03-09,1.500000,1.500000,1.500000,1.500000,1.510000,-0.006623,73000.000000,109500.000000
hk00573,2009-03-06,1.500000,1.520000,1.490000,1.510000,1.510000,0.000000,79000.000000,118480.000000
hk00573,2009-03-05,1.500000,1.510000,1.490000,1.510000,1.500000,0.006667,113000.000000,169590.000000
hk00573,2009-03-04,1.500000,1.510000,1.500000,1.500000,1.490000,0.006711,53000.000000,80000.000000
hk00573,2009-03-03,1.500000,1.510000,1.490000,1.490000,1.510000,-0.013245,444000.000000,669600.000000
hk00573,2009-03-02,1.520000,1.520000,1.510000,1.510000,1.540000,-0.019481,140000.000000,212400.000000
hk00573,2009-02-27,1.550000,1.550000,1.520000,1.540000,1.550000,-0.006452,739000.000000,1134610.000000
hk00573,2009-02-26,1.570000,1.570000,1.550000,1.550000,1.570000,-0.012739,565000.000000,877930.000000
hk00573,2009-02-25,1.600000,1.600000,1.570000,1.570000,1.600000,-0.018750,242000.000000,381600.000000
hk00573,2009-02-24,1.600000,1.610000,1.560000,1.600000,1.560000,0.025641,247000.000000,395440.000000
hk00573,2009-02-23,1.560000,1.560000,1.560000,1.560000,1.550000,0.006452,3000.000000,4680.000000
hk00573,2009-02-20,1.550000,1.550000,1.550000,1.550000,1.590000,-0.025157,15000.000000,23250.000000
hk00573,2009-02-19,1.580000,1.620000,1.580000,1.590000,1.620000,-0.018519,149000.000000,239840.000000
hk00573,2009-02-18,1.620000,1.640000,1.620000,1.620000,1.620000,0.000000,169800.000000,276076.000000
hk00573,2009-02-17,1.630000,1.630000,1.620000,1.620000,1.670000,-0.029940,61000.000000,98920.000000
hk00573,2009-02-16,1.700000,1.700000,1.670000,1.670000,1.660000,0.006024,121000.000000,203100.000000
hk00573,2009-02-13,1.650000,1.660000,1.640000,1.660000,1.650000,0.006061,356000.000000,587340.000000
hk00573,2009-02-12,1.700000,1.700000,1.650000,1.650000,1.700000,-0.029412,50000.000000,83900.000000
hk00573,2009-02-11,1.700000,1.700000,1.700000,1.700000,1.700000,0.000000,59000.000000,100300.000000
hk00573,2009-02-10,1.700000,1.700000,1.700000,1.700000,1.700000,0.000000,12000.000000,20400.000000
hk00573,2009-02-09,1.750000,1.750000,1.700000,1.700000,1.700000,0.000000,50000.000000,86050.000000
hk00573,2009-02-06,1.680000,1.700000,1.660000,1.700000,1.680000,0.011905,34000.000000,57720.000000
hk00573,2009-02-05,1.620000,1.680000,1.620000,1.680000,1.620000,0.037037,3000.000000,4930.000000
hk00573,2009-02-04,1.620000,1.620000,1.620000,1.620000,1.620000,0.000000,9000.000000,14580.000000
hk00573,2009-02-03,1.680000,1.700000,1.620000,1.620000,1.650000,-0.018182,122956.000000,204660.000000
hk00573,2009-02-02,1.620000,1.650000,1.620000,1.650000,1.640000,0.006098,117000.000000,191440.000000
hk00573,2009-01-29,1.550000,1.600000,1.550000,1.640000,1.550000,0.058065,5000.000000,7700.000000
hk00573,2009-01-23,1.780000,1.780000,1.520000,1.550000,1.500000,0.033333,13000.000000,20280.000000
hk00573,2009-01-22,1.450000,1.500000,1.450000,1.500000,1.500000,0.000000,20000.000000,29720.000000
hk00573,2009-01-21,1.560000,1.560000,1.500000,1.500000,1.560000,-0.038462,53000.000000,79620.000000
hk00573,2009-01-19,1.560000,1.560000,1.560000,1.560000,1.550000,0.006452,1000.000000,1560.000000
hk00573,2009-01-15,1.500000,1.550000,1.450000,1.550000,1.580000,-0.018987,1048000.000000,1571950.000000
hk00573,2009-01-14,1.530000,1.580000,1.530000,1.580000,1.620000,-0.024691,2000.000000,3110.000000
hk00573,2009-01-13,1.630000,1.640000,1.610000,1.620000,1.730000,-0.063584,210000.000000,341750.000000
hk00573,2009-01-12,1.700000,1.730000,1.630000,1.730000,1.630000,0.061350,37000.000000,63680.000000
hk00573,2009-01-09,1.680000,1.680000,1.620000,1.630000,1.680000,-0.029762,116000.000000,191710.000000
hk00573,2009-01-08,1.750000,1.750000,1.680000,1.680000,1.750000,-0.040000,286000.000000,491100.000000
hk00573,2009-01-07,1.700000,1.750000,1.700000,1.750000,1.720000,0.017442,408000.000000,704830.000000
hk00573,2009-01-06,1.750000,1.760000,1.700000,1.720000,1.750000,-0.017143,237000.000000,414460.000000
hk00573,2009-01-05,1.700000,1.820000,1.700000,1.750000,1.680000,0.041667,1093000.000000,1944560.000000
hk00573,2009-01-02,1.650000,1.680000,1.650000,1.680000,1.630000,0.030675,2081000.000000,3434390.000000
hk00573,2008-12-31,1.600000,1.630000,1.600000,1.630000,1.530000,0.065359,122000.000000,196030.000000
hk00573,2008-12-30,1.500000,1.530000,1.500000,1.530000,1.530000,0.000000,37000.000000,56310.000000
hk00573,2008-12-29,1.520000,1.530000,1.520000,1.530000,1.500000,0.020000,61000.000000,93120.000000
hk00573,2008-12-24,1.530000,1.530000,1.530000,1.500000,1.510000,-0.006623,2000.000000,3060.000000
hk00573,2008-12-23,1.530000,1.530000,1.510000,1.510000,1.530000,-0.013072,19000.000000,28930.000000
hk00573,2008-12-22,1.530000,1.530000,1.370000,1.530000,1.530000,0.000000,82000.000000,123400.000000
hk00573,2008-12-19,1.480000,1.540000,1.480000,1.530000,1.470000,0.040816,89000.000000,135040.000000
hk00573,2008-12-18,1.450000,1.470000,1.450000,1.470000,1.460000,0.006849,20000.000000,29210.000000
hk00573,2008-12-17,1.580000,1.580000,1.420000,1.460000,1.590000,-0.081761,19000.000000,28740.000000
hk00573,2008-12-16,1.550000,1.600000,1.500000,1.590000,1.600000,-0.006250,113000.000000,171670.000000
hk00573,2008-12-15,1.550000,1.600000,1.500000,1.600000,1.580000,0.012658,40000.000000,62610.000000
hk00573,2008-12-12,1.600000,1.640000,1.500000,1.580000,1.600000,-0.012500,63000.000000,99660.000000
hk00573,2008-12-11,1.570000,1.600000,1.570000,1.600000,1.570000,0.019108,21000.000000,33090.000000
hk00573,2008-12-10,1.250000,1.750000,1.250000,1.570000,1.260000,0.246032,151000.000000,218500.000000
hk00573,2008-12-09,1.250000,1.260000,1.250000,1.260000,1.250000,0.008000,86000.000000,107750.000000
hk00573,2008-12-08,1.200000,1.210000,1.200000,1.250000,1.200000,0.041667,430000.000000,516320.000000
hk00573,2008-12-05,1.150000,1.200000,1.150000,1.200000,1.250000,-0.040000,12000.000000,14350.000000
hk00573,2008-12-04,1.150000,1.180000,1.150000,1.250000,1.250000,0.000000,2000.000000,2330.000000
hk00573,2008-12-03,1.250000,1.250000,1.250000,1.250000,1.250000,0.000000,92000.000000,115000.000000
hk00573,2008-12-02,1.250000,1.250000,1.250000,1.250000,1.240000,0.008065,360000.000000,450000.000000
hk00573,2008-12-01,1.250000,1.250000,1.240000,1.240000,1.250000,-0.008000,213000.000000,266240.000000
hk00573,2008-11-28,1.300000,1.300000,1.250000,1.250000,1.200000,0.041667,111000.000000,143750.000000
hk00573,2008-11-27,1.280000,1.280000,1.200000,1.200000,1.230000,-0.024390,202000.000000,258400.000000
hk00573,2008-11-26,1.230000,1.300000,1.230000,1.230000,1.160000,0.060345,128000.000000,164440.000000
hk00573,2008-11-25,1.260000,1.300000,1.160000,1.160000,1.250000,-0.072000,250000.000000,314240.000000
hk00573,2008-11-24,1.250000,1.250000,1.250000,1.250000,1.150000,0.086957,62000.000000,77500.000000
hk00573,2008-11-21,1.260000,1.260000,1.150000,1.150000,1.120000,0.026786,3000.000000,3670.000000
hk00573,2008-11-20,1.200000,1.200000,1.120000,1.120000,1.210000,-0.074380,101000.000000,121120.000000
hk00573,2008-11-19,1.200000,1.210000,1.200000,1.210000,1.200000,0.008333,5000.000000,6010.000000
hk00573,2008-11-18,1.200000,1.200000,1.190000,1.200000,1.350000,-0.111111,66000.000000,79040.000000
hk00573,2008-11-17,1.360000,1.360000,1.360000,1.350000,1.300000,0.038462,1000.000000,1360.000000
hk00573,2008-11-13,1.300000,1.300000,1.300000,1.300000,1.340000,-0.029851,5000.000000,6500.000000
hk00573,2008-11-12,1.350000,1.350000,1.230000,1.340000,1.340000,0.000000,14000.000000,17930.000000
hk00573,2008-11-11,1.250000,1.340000,1.250000,1.340000,1.350000,-0.007407,43000.000000,55930.000000
hk00573,2008-11-10,1.300000,1.370000,1.250000,1.350000,1.280000,0.054688,74000.000000,97330.000000
hk00573,2008-11-07,1.230000,1.280000,1.200000,1.280000,1.230000,0.040650,41000.000000,50740.000000
hk00573,2008-11-06,1.200000,1.300000,1.200000,1.230000,1.290000,-0.046512,111000.000000,141780.000000
hk00573,2008-11-05,1.150000,1.350000,1.150000,1.290000,1.200000,0.075000,185000.000000,236020.000000
hk00573,2008-11-04,1.100000,1.200000,1.100000,1.200000,1.080000,0.111111,261000.000000,307700.000000
hk00573,2008-11-03,1.080000,1.080000,1.060000,1.080000,1.040000,0.038462,3063000.000000,2917960.000000
hk00573,2008-10-31,1.000000,1.050000,1.000000,1.040000,1.050000,-0.009524,64000.000000,64740.000000
hk00573,2008-10-30,1.020000,1.050000,0.970000,1.050000,1.000000,0.050000,240000.000000,242680.000000
hk00573,2008-10-29,1.020000,1.030000,0.880000,1.000000,1.040000,-0.038462,607000.000000,604490.000000
hk00573,2008-10-28,1.180000,1.200000,1.020000,1.040000,1.180000,-0.118644,132000.000000,154990.000000
hk00573,2008-10-27,1.200000,1.250000,1.180000,1.180000,1.200000,-0.016667,463000.000000,556690.000000
hk00573,2008-10-24,1.300000,1.300000,1.150000,1.200000,1.300000,-0.076923,989000.000000,1191720.000000
hk00573,2008-10-23,1.200000,1.300000,1.200000,1.300000,1.300000,0.000000,61000.000000,76240.000000
hk00573,2008-10-22,1.200000,1.350000,1.200000,1.300000,1.350000,-0.037037,55000.000000,69420.000000
hk00573,2008-10-21,1.350000,1.400000,1.260000,1.350000,1.300000,0.038462,10420000.000000,14065010.000000
hk00573,2008-10-20,1.250000,1.330000,1.250000,1.300000,1.480000,-0.121622,234000.000000,303290.000000
hk00573,2008-10-17,1.490000,1.490000,1.200000,1.480000,1.500000,-0.013333,42000.000000,57830.000000
hk00573,2008-10-16,1.390000,1.500000,1.150000,1.500000,1.390000,0.079137,58000.000000,72200.000000
hk00573,2008-10-15,1.500000,1.550000,1.390000,1.390000,1.500000,-0.073333,20615000.000000,31944680.000000
hk00573,2008-10-14,1.600000,1.600000,1.460000,1.500000,1.530000,-0.019608,50000.000000,77210.000000
hk00573,2008-10-13,1.500000,1.600000,1.480000,1.530000,1.600000,-0.043750,98000.000000,148920.000000
hk00573,2008-10-10,1.700000,1.710000,1.600000,1.600000,1.700000,-0.058824,226000.000000,382910.000000
hk00573,2008-10-09,1.700000,1.700000,1.700000,1.700000,1.700000,0.000000,34000.000000,57800.000000
hk00573,2008-10-08,1.700000,1.700000,1.660000,1.700000,1.750000,-0.028571,361000.000000,612140.000000
hk00573,2008-10-06,1.700000,1.700000,1.700000,1.750000,1.880000,-0.069149,134000.000000,227800.000000
hk00573,2008-10-03,1.850000,1.980000,1.850000,1.880000,1.800000,0.044444,47000.000000,88410.000000
hk00573,2008-10-02,1.700000,1.830000,1.700000,1.800000,1.700000,0.058824,235000.000000,404610.000000
hk00573,2008-09-30,1.700000,1.740000,1.700000,1.700000,1.710000,-0.005848,220000.000000,375270.000000
hk00573,2008-09-29,1.760000,1.770000,1.710000,1.710000,1.760000,-0.028409,228000.000000,398790.000000
hk00573,2008-09-26,1.800000,1.800000,1.740000,1.760000,1.740000,0.011494,19000.000000,33760.000000
hk00573,2008-09-25,1.760000,1.760000,1.720000,1.740000,1.800000,-0.033333,25000.000000,43890.000000
hk00573,2008-09-24,1.840000,1.850000,1.780000,1.800000,1.830000,-0.016393,78000.000000,143020.000000
hk00573,2008-09-23,1.900000,1.900000,1.810000,1.830000,1.890000,-0.031746,439000.000000,831110.000000
hk00573,2008-09-22,1.870000,1.990000,1.850000,1.890000,1.900000,-0.005263,573564.000000,1091432.000000
hk00573,2008-09-19,1.810000,1.900000,1.810000,1.900000,1.840000,0.032609,63000.000000,116250.000000
hk00573,2008-09-18,1.860000,1.860000,1.780000,1.840000,1.880000,-0.021277,284000.000000,515510.000000
hk00573,2008-09-17,1.850000,1.880000,1.800000,1.880000,1.850000,0.016216,28000.000000,51410.000000
hk00573,2008-09-16,1.820000,1.860000,1.800000,1.850000,1.950000,-0.051282,16159000.000000,31810310.000000
hk00573,2008-09-12,1.950000,2.000000,1.950000,1.950000,1.900000,0.026316,248000.000000,485680.000000
hk00573,2008-09-11,1.800000,1.910000,1.800000,1.900000,1.820000,0.043956,405000.000000,764500.000000
hk00573,2008-09-10,1.800000,1.870000,1.800000,1.820000,1.700000,0.070588,196000.000000,354470.000000
hk00573,2008-09-09,1.640000,1.750000,1.640000,1.700000,1.650000,0.030303,58000.000000,98010.000000
hk00573,2008-09-08,1.770000,1.780000,1.600000,1.650000,1.760000,-0.062500,135000.000000,230160.000000
hk00573,2008-09-05,1.800000,1.850000,1.760000,1.760000,1.860000,-0.053763,119000.000000,213510.000000
hk00573,2008-09-04,1.950000,1.990000,1.860000,1.860000,1.920000,-0.031250,1079500.000000,2101255.000000
hk00573,2008-09-03,1.980000,1.980000,1.900000,1.920000,1.980000,-0.030303,73000.000000,141880.000000
hk00573,2008-09-02,2.000000,2.050000,1.960000,1.980000,2.100000,-0.057143,330000.000000,674610.000000
hk00573,2008-09-01,2.100000,2.100000,1.960000,2.100000,2.090000,0.004785,623000.000000,1311540.000000
hk00573,2008-08-29,2.100000,2.110000,1.960000,2.090000,2.110000,-0.009479,281000.000000,589200.000000
hk00573,2008-08-28,2.100000,2.140000,2.100000,2.110000,2.100000,0.004762,456000.000000,966490.000000
hk00573,2008-08-27,2.050000,2.100000,2.050000,2.100000,2.050000,0.024390,353000.000000,740800.000000
hk00573,2008-08-26,2.050000,2.100000,1.970000,2.050000,2.030000,0.009852,685000.000000,1382310.000000
hk00573,2008-08-25,2.030000,2.100000,2.010000,2.030000,2.030000,0.000000,105000.000000,212850.000000
hk00573,2008-08-21,2.190000,2.190000,2.030000,2.030000,2.190000,-0.073059,36000.000000,75430.000000
hk00573,2008-08-20,2.020000,2.200000,2.020000,2.190000,2.080000,0.052885,22000.000000,47040.000000
hk00573,2008-08-19,2.040000,2.070000,2.040000,2.080000,2.200000,-0.054545,3000.000000,6180.000000
hk00573,2008-08-18,2.300000,2.300000,2.200000,2.200000,2.300000,-0.043478,58000.000000,133200.000000
hk00573,2008-08-15,2.100000,2.350000,2.100000,2.300000,2.110000,0.090047,21000.000000,47300.000000
hk00573,2008-08-14,2.150000,2.200000,2.010000,2.110000,2.200000,-0.040909,114000.000000,243300.000000
hk00573,2008-08-13,2.290000,2.300000,2.200000,2.200000,2.290000,-0.039301,41000.000000,91090.000000
hk00573,2008-08-12,2.250000,2.290000,2.250000,2.290000,2.290000,0.000000,14000.000000,31900.000000
hk00573,2008-08-11,2.200000,2.290000,2.200000,2.290000,2.290000,0.000000,14000.000000,31630.000000
hk00573,2008-08-08,2.280000,2.320000,2.250000,2.290000,2.270000,0.008811,49000.000000,111520.000000
hk00573,2008-08-07,2.260000,2.280000,2.260000,2.270000,2.300000,-0.013043,24000.000000,54480.000000
hk00573,2008-08-05,2.300000,2.310000,2.300000,2.300000,2.300000,0.000000,90000.000000,207410.000000
hk00573,2008-08-04,2.240000,2.350000,2.240000,2.300000,2.300000,0.000000,5000.000000,11480.000000
hk00573,2008-08-01,2.290000,2.300000,2.290000,2.300000,2.290000,0.004367,2000.000000,4590.000000
hk00573,2008-07-31,2.310000,2.310000,2.290000,2.290000,2.330000,-0.017167,69000.000000,158950.000000
hk00573,2008-07-30,2.320000,2.330000,2.320000,2.330000,2.310000,0.008658,27000.000000,63950.000000
hk00573,2008-07-29,2.310000,2.310000,2.310000,2.310000,2.310000,0.000000,8000.000000,18480.000000
hk00573,2008-07-28,2.300000,2.300000,2.300000,2.310000,2.350000,-0.017021,1000.000000,2300.000000
hk00573,2008-07-25,2.350000,2.350000,2.350000,2.350000,2.320000,0.012931,23000.000000,54020.000000
hk00573,2008-07-24,2.320000,2.320000,2.310000,2.320000,2.310000,0.004329,15000.000000,34790.000000
hk00573,2008-07-23,2.300000,2.350000,2.300000,2.310000,2.390000,-0.033473,23000.000000,53330.000000
hk00573,2008-07-22,2.320000,2.390000,2.300000,2.390000,2.400000,-0.004167,74000.000000,173830.000000
hk00573,2008-07-21,2.400000,2.400000,2.360000,2.400000,2.400000,0.000000,124000.000000,297510.000000
hk00573,2008-07-18,2.300000,2.400000,2.300000,2.400000,2.350000,0.021277,64000.000000,149900.000000
hk00573,2008-07-17,2.300000,2.350000,2.300000,2.350000,2.400000,-0.020833,100000.000000,230200.000000
hk00573,2008-07-16,2.280000,2.400000,2.280000,2.400000,2.400000,0.000000,16000.000000,38280.000000
hk00573,2008-07-15,2.400000,2.430000,2.350000,2.400000,2.400000,0.000000,275000.000000,655040.000000
hk00573,2008-07-14,2.350000,2.400000,2.350000,2.400000,2.400000,0.000000,102000.000000,244110.000000
hk00573,2008-07-11,2.400000,2.400000,2.400000,2.400000,2.400000,0.000000,24000.000000,57600.000000
hk00573,2008-07-10,2.400000,2.400000,2.400000,2.400000,2.400000,0.000000,7000.000000,16800.000000
hk00573,2008-07-09,2.400000,2.400000,2.360000,2.400000,2.400000,0.000000,127000.000000,303010.000000
hk00573,2008-07-08,2.400000,2.400000,2.400000,2.400000,2.400000,0.000000,75000.000000,180000.000000
hk00573,2008-07-07,2.400000,2.400000,2.400000,2.400000,2.400000,0.000000,47000.000000,112800.000000
hk00573,2008-07-04,2.400000,2.440000,2.400000,2.400000,2.400000,0.000000,11000.000000,26480.000000
hk00573,2008-07-03,2.400000,2.400000,2.390000,2.400000,2.400000,0.000000,5089000.000000,11963570.000000
hk00573,2008-07-02,2.450000,2.450000,2.400000,2.400000,2.450000,-0.020408,372000.000000,911300.000000
hk00573,2008-06-30,2.400000,2.500000,2.400000,2.450000,2.430000,0.008230,662470.000000,1627304.000000
hk00573,2008-06-27,2.370000,2.430000,2.370000,2.430000,2.380000,0.021008,45000.000000,108330.000000
hk00573,2008-06-26,2.450000,2.480000,2.380000,2.380000,2.450000,-0.028571,656000.000000,1611730.000000
hk00573,2008-06-25,2.450000,2.450000,2.450000,2.450000,2.450000,0.000000,15000.000000,36750.000000
hk00573,2008-06-24,2.450000,2.500000,2.450000,2.450000,2.400000,0.020833,355000.000000,870900.000000
hk00573,2008-06-23,2.450000,2.460000,2.400000,2.400000,2.450000,-0.020408,553000.000000,1353260.000000
hk00573,2008-06-20,2.400000,2.450000,2.370000,2.450000,2.400000,0.020833,748000.000000,1827520.000000
hk00573,2008-06-19,2.430000,2.430000,2.400000,2.400000,2.370000,0.012658,600000.000000,1455000.000000
hk00573,2008-06-18,2.370000,2.370000,2.370000,2.370000,2.370000,0.000000,544000.000000,1289280.000000
hk00573,2008-06-17,2.370000,2.370000,2.370000,2.370000,2.360000,0.004237,64000.000000,151670.000000
hk00573,2008-06-16,2.430000,2.440000,2.350000,2.360000,2.430000,-0.028807,17000.000000,40990.000000
hk00573,2008-06-13,2.350000,2.450000,2.350000,2.430000,2.350000,0.034043,142000.000000,342340.000000
hk00573,2008-06-12,2.360000,2.360000,2.330000,2.350000,2.360000,-0.004237,80000.000000,187870.000000
hk00573,2008-06-11,2.420000,2.420000,2.350000,2.360000,2.400000,-0.016667,100000.000000,239950.000000
hk00573,2008-06-10,2.380000,2.400000,2.380000,2.400000,2.400000,0.000000,28000.000000,67050.000000
hk00573,2008-06-06,2.420000,2.500000,2.400000,2.400000,2.410000,-0.004149,98000.000000,240850.000000
hk00573,2008-06-05,2.500000,2.500000,2.410000,2.410000,2.450000,-0.016327,25000.000000,61330.000000
hk00573,2008-06-04,2.500000,2.500000,2.390000,2.450000,2.500000,-0.020000,215000.000000,525950.000000
hk00573,2008-06-03,2.480000,2.550000,2.450000,2.500000,2.600000,-0.038462,10343000.000000,24858410.000000
hk00573,2008-06-02,2.610000,2.630000,2.390000,2.600000,2.610000,-0.003831,274000.000000,699000.000000
hk00573,2008-05-30,2.390000,2.630000,2.390000,2.610000,2.450000,0.065306,458000.000000,1129620.000000
hk00573,2008-05-29,2.380000,2.450000,2.380000,2.450000,2.380000,0.029412,195000.000000,474390.000000
hk00573,2008-05-28,2.400000,2.400000,2.380000,2.380000,2.370000,0.004219,34000.000000,81520.000000
hk00573,2008-05-27,2.350000,2.380000,2.350000,2.370000,2.350000,0.008511,33000.000000,78320.000000
hk00573,2008-05-26,2.360000,2.360000,2.350000,2.350000,2.370000,-0.008439,1003000.000000,2407060.000000
hk00573,2008-05-23,2.350000,2.400000,2.350000,2.370000,2.350000,0.008511,3057000.000000,7336490.000000
hk00573,2008-05-22,2.350000,2.370000,2.350000,2.350000,2.350000,0.000000,89000.000000,209250.000000
hk00573,2008-05-21,2.350000,2.380000,2.350000,2.350000,2.350000,0.000000,57000.000000,134180.000000
hk00573,2008-05-20,2.350000,2.350000,2.350000,2.350000,2.350000,0.000000,37000.000000,86950.000000
hk00573,2008-05-19,2.350000,2.360000,2.350000,2.350000,2.350000,0.000000,5000.000000,11770.000000
hk00573,2008-05-16,2.350000,2.360000,2.350000,2.350000,2.340000,0.004274,8000.000000,18850.000000
hk00573,2008-05-15,2.340000,2.360000,2.340000,2.340000,2.390000,-0.020921,205000.000000,481770.000000
hk00573,2008-05-14,2.400000,2.400000,2.390000,2.390000,2.400000,-0.004167,308000.000000,737680.000000
hk00573,2008-05-13,2.400000,2.480000,2.400000,2.400000,2.400000,0.000000,349000.000000,839060.000000
hk00573,2008-05-09,2.380000,2.410000,2.380000,2.400000,2.390000,0.004184,185000.000000,441480.000000
hk00573,2008-05-08,2.380000,2.400000,2.380000,2.390000,2.390000,0.000000,25500.000000,60700.000000
hk00573,2008-05-07,2.400000,2.400000,2.380000,2.390000,2.400000,-0.004167,183000.000000,438230.000000
hk00573,2008-05-06,2.400000,2.400000,2.400000,2.400000,2.420000,-0.008264,243000.000000,583200.000000
hk00573,2008-05-05,2.410000,2.450000,2.410000,2.420000,2.410000,0.004149,66000.000000,160210.000000
hk00573,2008-05-02,2.450000,2.450000,2.400000,2.410000,2.400000,0.004167,110500.000000,266830.000000
hk00573,2008-04-30,2.400000,2.470000,2.400000,2.400000,2.400000,0.000000,328000.000000,794330.000000
hk00573,2008-04-29,2.380000,2.400000,2.340000,2.400000,2.420000,-0.008264,418000.000000,1000740.000000
hk00573,2008-04-28,2.420000,2.450000,2.400000,2.420000,2.400000,0.008333,151000.000000,364660.000000
hk00573,2008-04-25,2.400000,2.420000,2.400000,2.400000,2.420000,-0.008264,241000.000000,579770.000000
hk00573,2008-04-24,2.440000,2.450000,2.400000,2.420000,2.420000,0.000000,306000.000000,741760.000000
hk00573,2008-04-23,2.420000,2.420000,2.400000,2.420000,2.440000,-0.008197,127000.000000,306740.000000
hk00573,2008-04-22,2.450000,2.450000,2.400000,2.440000,2.450000,-0.004082,115000.000000,280590.000000
hk00573,2008-04-21,2.450000,2.450000,2.430000,2.450000,2.410000,0.016598,3132000.000000,7522960.000000
hk00573,2008-04-18,2.350000,2.420000,2.350000,2.410000,2.350000,0.025532,7138000.000000,17112420.000000
hk00573,2008-04-17,2.330000,2.380000,2.330000,2.350000,2.300000,0.021739,991000.000000,2330960.000000
hk00573,2008-04-16,2.350000,2.400000,2.300000,2.300000,2.350000,-0.021277,86000.000000,201940.000000
hk00573,2008-04-15,2.350000,2.380000,2.350000,2.350000,2.380000,-0.012605,51000.000000,120860.000000
hk00573,2008-04-14,2.450000,2.450000,2.380000,2.380000,2.480000,-0.040323,146000.000000,350860.000000
hk00573,2008-04-11,2.550000,2.550000,2.200000,2.480000,2.550000,-0.027451,792000.000000,1936680.000000
hk00573,2008-04-10,2.460000,2.680000,2.460000,2.550000,2.510000,0.015936,585000.000000,1508830.000000
hk00573,2008-04-09,2.500000,2.560000,2.500000,2.510000,2.500000,0.004000,798000.000000,2008900.000000
hk00573,2008-04-08,2.500000,2.520000,2.480000,2.500000,2.510000,-0.003984,665000.000000,1663440.000000
hk00573,2008-04-07,2.470000,2.510000,2.470000,2.510000,2.460000,0.020325,690000.000000,1724740.000000
hk00573,2008-04-03,2.400000,2.490000,2.400000,2.460000,2.450000,0.004082,757000.000000,1856640.000000
hk00573,2008-04-02,2.400000,2.480000,2.370000,2.450000,2.350000,0.042553,335000.000000,812610.000000
hk00573,2008-04-01,2.350000,2.360000,2.350000,2.350000,2.380000,-0.012605,56000.000000,131720.000000
hk00573,2008-03-31,2.320000,2.380000,2.320000,2.380000,2.420000,-0.016529,254000.000000,600330.000000
hk00573,2008-03-28,2.350000,2.420000,2.350000,2.420000,2.380000,0.016807,152000.000000,365710.000000
hk00573,2008-03-27,2.360000,2.380000,2.340000,2.380000,2.380000,0.000000,31000.000000,73300.000000
hk00573,2008-03-26,2.300000,2.420000,2.300000,2.380000,2.400000,-0.008333,62000.000000,148360.000000
hk00573,2008-03-25,2.300000,2.400000,2.300000,2.400000,2.410000,-0.004149,47000.000000,111570.000000
hk00573,2008-03-20,2.220000,2.420000,2.220000,2.410000,2.400000,0.004167,1206000.000000,2898040.000000
hk00573,2008-03-19,2.400000,2.420000,2.400000,2.400000,2.410000,-0.004149,450000.000000,1081500.000000
hk00573,2008-03-18,2.320000,2.420000,2.290000,2.410000,2.310000,0.043290,714000.000000,1677260.000000
hk00573,2008-03-17,2.210000,2.340000,2.210000,2.310000,2.400000,-0.037500,489000.000000,1127170.000000
hk00573,2008-03-14,2.500000,2.500000,2.400000,2.400000,2.490000,-0.036145,227000.000000,556510.000000
hk00573,2008-03-13,2.440000,2.530000,2.440000,2.490000,2.490000,0.000000,927000.000000,2316490.000000
hk00573,2008-03-12,2.500000,2.500000,2.460000,2.490000,2.500000,-0.004000,80000.000000,199820.000000
hk00573,2008-03-11,2.400000,2.500000,2.400000,2.500000,2.450000,0.020408,353000.000000,879620.000000
hk00573,2008-03-10,2.450000,2.500000,2.420000,2.450000,2.520000,-0.027778,217000.000000,532610.000000
hk00573,2008-03-07,2.500000,2.540000,2.500000,2.520000,2.540000,-0.007874,573000.000000,1442860.000000
hk00573,2008-03-06,2.530000,2.540000,2.520000,2.540000,2.490000,0.020080,322000.000000,814490.000000
hk00573,2008-03-05,2.500000,2.500000,2.470000,2.490000,2.500000,-0.004000,43000.000000,107180.000000
hk00573,2008-03-04,2.500000,2.550000,2.490000,2.500000,2.480000,0.008065,258000.000000,647300.000000
hk00573,2008-03-03,2.400000,2.480000,2.400000,2.480000,2.450000,0.012245,524000.000000,1291610.000000
hk00573,2008-02-29,2.380000,2.450000,2.380000,2.450000,2.430000,0.008230,84000.000000,202830.000000
hk00573,2008-02-28,2.390000,2.430000,2.390000,2.430000,2.420000,0.004132,172000.000000,416690.000000
hk00573,2008-02-27,2.390000,2.420000,2.380000,2.420000,2.400000,0.008333,130000.000000,311280.000000
hk00573,2008-02-26,2.400000,2.420000,2.390000,2.400000,2.430000,-0.012346,178000.000000,427460.000000
hk00573,2008-02-25,2.370000,2.500000,2.370000,2.430000,2.400000,0.012500,401000.000000,980810.000000
hk00573,2008-02-22,2.400000,2.400000,2.390000,2.400000,2.400000,0.000000,175000.000000,419190.000000
hk00573,2008-02-21,2.400000,2.460000,2.400000,2.400000,2.400000,0.000000,214000.000000,517600.000000
hk00573,2008-02-20,2.390000,2.420000,2.380000,2.400000,2.400000,0.000000,239000.000000,574390.000000
hk00573,2008-02-19,2.490000,2.500000,2.400000,2.400000,2.360000,0.016949,501000.000000,1218380.000000
hk00573,2008-02-18,2.420000,2.430000,2.350000,2.360000,2.430000,-0.028807,533000.000000,1280920.000000
hk00573,2008-02-15,2.430000,2.430000,2.420000,2.430000,2.430000,0.000000,111000.000000,269720.000000
hk00573,2008-02-14,2.450000,2.460000,2.400000,2.430000,2.450000,-0.008163,1133000.000000,2775790.000000
hk00573,2008-02-13,2.420000,2.470000,2.420000,2.450000,2.470000,-0.008097,1479000.000000,3627420.000000
hk00573,2008-02-12,2.410000,2.480000,2.410000,2.470000,2.400000,0.029167,156000.000000,382160.000000
hk00573,2008-02-11,2.410000,2.430000,2.400000,2.400000,2.410000,-0.004149,387000.000000,930550.000000
hk00573,2008-02-06,2.400000,2.500000,2.360000,2.410000,2.450000,-0.016327,709000.000000,1704070.000000
hk00573,2008-02-05,2.440000,2.460000,2.380000,2.450000,2.400000,0.020833,557400.000000,1348726.000000
hk00573,2008-02-04,2.320000,2.410000,2.320000,2.400000,2.320000,0.034483,1000000.000000,2372680.000000
hk00573,2008-02-01,2.310000,2.360000,2.300000,2.320000,2.350000,-0.012766,177000.000000,410800.000000
hk00573,2008-01-31,2.370000,2.400000,2.330000,2.350000,2.370000,-0.008439,656000.000000,1552480.000000
hk00573,2008-01-30,2.410000,2.410000,2.370000,2.370000,2.430000,-0.024691,105000.000000,250240.000000
hk00573,2008-01-29,2.460000,2.460000,2.430000,2.430000,2.470000,-0.016194,15000.000000,36750.000000
hk00573,2008-01-28,2.360000,2.470000,2.360000,2.470000,2.470000,0.000000,154000.000000,377460.000000
hk00573,2008-01-25,2.400000,2.470000,2.400000,2.470000,2.420000,0.020661,142000.000000,345970.000000
hk00573,2008-01-24,2.450000,2.450000,2.360000,2.420000,2.470000,-0.020243,287000.000000,692570.000000
hk00573,2008-01-23,2.350000,2.470000,2.350000,2.470000,2.390000,0.033473,1223000.000000,2998930.000000
hk00573,2008-01-22,2.490000,2.490000,2.310000,2.390000,2.550000,-0.062745,723000.000000,1729390.000000
hk00573,2008-01-21,2.520000,2.560000,2.520000,2.550000,2.580000,-0.011628,449000.000000,1145010.000000
hk00573,2008-01-18,2.500000,2.580000,2.500000,2.580000,2.550000,0.011765,365000.000000,925840.000000
hk00573,2008-01-17,2.500000,2.560000,2.480000,2.550000,2.500000,0.020000,762000.000000,1934720.000000
hk00573,2008-01-16,2.500000,2.520000,2.490000,2.500000,2.600000,-0.038462,987000.000000,2470760.000000
hk00573,2008-01-15,2.600000,2.610000,2.560000,2.600000,2.610000,-0.003831,97000.000000,252510.000000
hk00573,2008-01-14,2.510000,2.630000,2.510000,2.610000,2.630000,-0.007605,97000.000000,253340.000000
hk00573,2008-01-11,2.600000,2.680000,2.600000,2.630000,2.660000,-0.011278,26000.000000,68800.000000
hk00573,2008-01-10,2.670000,2.680000,2.650000,2.660000,2.670000,-0.003745,78000.000000,207710.000000
hk00573,2008-01-09,2.670000,2.680000,2.660000,2.670000,2.700000,-0.011111,100000.000000,267000.000000
hk00573,2008-01-08,2.700000,2.730000,2.670000,2.700000,2.730000,-0.010989,80000.000000,216890.000000
hk00573,2008-01-07,2.720000,2.730000,2.680000,2.730000,2.730000,0.000000,424000.000000,1148850.000000
hk00573,2008-01-04,2.680000,2.730000,2.680000,2.730000,2.660000,0.026316,320000.000000,864800.000000
hk00573,2008-01-03,2.780000,2.780000,2.620000,2.660000,2.680000,-0.007463,162000.000000,436270.000000
hk00573,2008-01-02,2.680000,2.700000,2.660000,2.680000,2.660000,0.007519,889000.000000,2375540.000000
hk00573,2007-12-31,2.660000,2.700000,2.640000,2.660000,2.660000,0.000000,358044.000000,956293.000000
hk00573,2007-12-28,2.610000,2.690000,2.610000,2.660000,2.640000,0.007576,40000.000000,105880.000000
hk00573,2007-12-27,2.640000,2.700000,2.640000,2.640000,2.650000,-0.003774,744000.000000,1983520.000000
hk00573,2007-12-24,2.650000,2.680000,2.600000,2.650000,2.650000,0.000000,76000.000000,201830.000000
hk00573,2007-12-21,2.600000,2.670000,2.600000,2.650000,2.680000,-0.011194,40000.000000,105850.000000
hk00573,2007-12-20,2.560000,2.700000,2.560000,2.680000,2.640000,0.015152,295000.000000,791110.000000
hk00573,2007-12-19,2.460000,2.650000,2.460000,2.640000,2.640000,0.000000,67000.000000,176470.000000
hk00573,2007-12-18,2.560000,2.640000,2.560000,2.640000,2.580000,0.023256,577000.000000,1503710.000000
hk00573,2007-12-17,2.600000,2.640000,2.570000,2.580000,2.650000,-0.026415,288000.000000,747860.000000
hk00573,2007-12-14,2.610000,2.660000,2.610000,2.650000,2.650000,0.000000,2086000.000000,5527700.000000
hk00573,2007-12-13,2.710000,2.710000,2.620000,2.650000,2.790000,-0.050179,506000.000000,1346430.000000
hk00573,2007-12-12,2.710000,2.890000,2.600000,2.790000,2.710000,0.029520,611000.000000,1629330.000000
hk00573,2007-12-11,2.800000,2.800000,2.700000,2.710000,2.810000,-0.035587,205000.000000,562110.000000
hk00573,2007-12-10,2.750000,2.810000,2.610000,2.810000,2.800000,0.003571,5271000.000000,14498000.000000
hk00573,2007-12-07,2.700000,3.000000,2.550000,2.800000,2.670000,0.048689,988000.000000,2853530.000000
hk00573,2007-12-06,2.500000,2.700000,2.500000,2.670000,2.500000,0.068000,306000.000000,798880.000000
hk00573,2007-12-05,2.500000,2.520000,2.480000,2.500000,2.500000,0.000000,83000.000000,207470.000000
hk00573,2007-12-04,2.500000,2.500000,2.480000,2.500000,2.500000,0.000000,873000.000000,2179900.000000
hk00573,2007-12-03,2.460000,2.510000,2.400000,2.500000,2.460000,0.016260,1413000.000000,3530540.000000
hk00573,2007-11-30,2.320000,2.490000,2.320000,2.460000,2.300000,0.069565,235000.000000,571850.000000
hk00573,2007-11-29,2.280000,2.300000,2.270000,2.300000,2.300000,0.000000,855000.000000,1957720.000000
hk00573,2007-11-28,2.310000,2.360000,2.290000,2.300000,2.310000,-0.004329,418000.000000,971550.000000
hk00573,2007-11-27,2.300000,2.340000,2.280000,2.310000,2.350000,-0.017021,1048000.000000,2412740.000000
hk00573,2007-11-26,2.380000,2.440000,2.350000,2.350000,2.380000,-0.012605,1345000.000000,3198080.000000
hk00573,2007-11-23,2.500000,2.500000,2.370000,2.380000,2.500000,-0.048000,1015000.000000,2455340.000000
hk00573,2007-11-22,2.490000,2.500000,2.480000,2.500000,2.500000,0.000000,286000.000000,712930.000000
hk00573,2007-11-21,2.500000,2.500000,2.470000,2.500000,2.550000,-0.019608,914000.000000,2283900.000000
hk00573,2007-11-20,2.500000,2.550000,2.480000,2.550000,2.550000,0.000000,231000.000000,579490.000000
hk00573,2007-11-19,2.500000,2.550000,2.500000,2.550000,2.570000,-0.007782,133000.000000,337900.000000
hk00573,2007-11-16,2.600000,2.600000,2.500000,2.570000,2.640000,-0.026515,541000.000000,1376060.000000
hk00573,2007-11-15,2.610000,2.730000,2.610000,2.640000,2.670000,-0.011236,88000.000000,236750.000000
hk00573,2007-11-14,2.620000,2.680000,2.620000,2.670000,2.610000,0.022989,85000.000000,225440.000000
hk00573,2007-11-13,2.560000,2.700000,2.560000,2.610000,2.560000,0.019531,661000.000000,1768100.000000
hk00573,2007-11-12,2.600000,2.620000,2.560000,2.560000,2.680000,-0.044776,663000.000000,1719980.000000
hk00573,2007-11-09,2.640000,2.680000,2.640000,2.680000,2.680000,0.000000,555000.000000,1469440.000000
hk00573,2007-11-08,2.660000,2.680000,2.650000,2.680000,2.730000,-0.018315,159000.000000,423240.000000
hk00573,2007-11-07,2.660000,2.780000,2.660000,2.730000,2.740000,-0.003650,59000.000000,160600.000000
hk00573,2007-11-06,2.700000,3.080000,2.620000,2.740000,2.640000,0.037879,1019000.000000,2919890.000000
hk00573,2007-11-05,2.660000,2.690000,2.640000,2.640000,2.650000,-0.003774,192000.000000,510300.000000
hk00573,2007-11-02,2.660000,2.660000,2.620000,2.650000,2.690000,-0.014870,319000.000000,844740.000000
hk00573,2007-11-01,2.700000,2.730000,2.670000,2.690000,2.690000,0.000000,152000.000000,410610.000000
hk00573,2007-10-31,2.540000,2.700000,2.540000,2.690000,2.580000,0.042636,329000.000000,871660.000000
hk00573,2007-10-30,2.640000,2.640000,2.550000,2.580000,2.630000,-0.019011,647000.000000,1673150.000000
hk00573,2007-10-29,2.630000,2.640000,2.610000,2.630000,2.630000,0.000000,172000.000000,450550.000000
hk00573,2007-10-26,2.680000,2.690000,2.600000,2.630000,2.700000,-0.025926,614000.000000,1628680.000000
hk00573,2007-10-25,2.680000,2.700000,2.680000,2.700000,2.700000,0.000000,362000.000000,976350.000000
hk00573,2007-10-24,2.680000,2.800000,2.680000,2.700000,2.720000,-0.007353,1550000.000000,4228940.000000
hk00573,2007-10-23,2.610000,2.800000,2.610000,2.720000,2.630000,0.034221,851000.000000,2301990.000000
hk00573,2007-10-22,2.550000,2.680000,2.550000,2.630000,2.750000,-0.043636,397000.000000,1038680.000000
hk00573,2007-10-18,2.710000,2.790000,2.710000,2.750000,2.710000,0.014760,800000.000000,2199790.000000
hk00573,2007-10-17,2.700000,2.710000,2.700000,2.710000,2.760000,-0.018116,205000.000000,554030.000000
hk00573,2007-10-16,2.720000,2.780000,2.720000,2.760000,2.750000,0.003636,1135000.000000,3136720.000000
hk00573,2007-10-15,2.760000,2.780000,2.740000,2.750000,2.760000,-0.003623,1166000.000000,3215160.000000
hk00573,2007-10-12,2.770000,2.780000,2.760000,2.760000,2.770000,-0.003610,2209000.000000,6108640.000000
hk00573,2007-10-11,2.700000,2.790000,2.700000,2.770000,2.780000,-0.003597,712000.000000,1969250.000000
hk00573,2007-10-10,2.750000,2.800000,2.630000,2.780000,2.750000,0.010909,1012000.000000,2787580.000000
hk00573,2007-10-09,2.730000,2.820000,2.730000,2.750000,2.760000,-0.003623,175000.000000,484480.000000
hk00573,2007-10-08,2.840000,2.900000,2.740000,2.760000,2.820000,-0.021277,469000.000000,1300330.000000
hk00573,2007-10-05,2.730000,2.950000,2.730000,2.820000,2.730000,0.032967,520000.000000,1454590.000000
hk00573,2007-10-04,2.800000,2.800000,2.700000,2.730000,2.800000,-0.025000,556000.000000,1514410.000000
hk00573,2007-10-03,2.750000,2.850000,2.750000,2.800000,2.750000,0.018182,437000.000000,1225460.000000
hk00573,2007-10-02,2.900000,2.900000,2.750000,2.750000,2.890000,-0.048443,1668000.000000,4744240.000000
hk00573,2007-09-28,2.950000,2.950000,2.850000,2.890000,3.000000,-0.036667,366000.000000,1069970.000000
hk00573,2007-09-27,2.970000,3.020000,2.970000,3.000000,2.970000,0.010101,503000.000000,1508740.000000
hk00573,2007-09-25,3.000000,3.000000,2.950000,2.970000,3.000000,-0.010000,164000.000000,486550.000000
hk00573,2007-09-24,2.950000,3.000000,2.930000,3.000000,3.020000,-0.006623,608000.000000,1814820.000000
hk00573,2007-09-21,3.000000,3.040000,2.960000,3.020000,3.000000,0.006667,886000.000000,2662710.000000
hk00573,2007-09-20,2.900000,3.000000,2.880000,3.000000,2.890000,0.038062,912000.000000,2667490.000000
hk00573,2007-09-19,2.930000,2.930000,2.850000,2.890000,2.930000,-0.013652,1249000.000000,3622010.000000
hk00573,2007-09-18,3.000000,3.000000,2.920000,2.930000,3.000000,-0.023333,699000.000000,2061360.000000
hk00573,2007-09-17,3.080000,3.100000,2.960000,3.000000,3.100000,-0.032258,1211000.000000,3642340.000000
hk00573,2007-09-14,3.130000,3.180000,3.030000,3.100000,3.140000,-0.012739,2251000.000000,6995810.000000
hk00573,2007-09-13,3.190000,3.250000,3.120000,3.140000,3.090000,0.016181,3919000.000000,12385640.000000
hk00573,2007-09-12,3.050000,3.110000,3.030000,3.090000,3.070000,0.006515,1142000.000000,3521410.000000
hk00573,2007-09-11,3.100000,3.100000,2.980000,3.070000,3.000000,0.023333,1151000.000000,3525610.000000
hk00573,2007-09-10,2.830000,3.010000,2.830000,3.000000,2.990000,0.003344,761000.000000,2246740.000000
hk00573,2007-09-07,2.680000,3.010000,2.680000,2.990000,2.830000,0.056537,4323000.000000,12904730.000000
hk00573,2007-09-06,2.580000,2.860000,2.570000,2.830000,2.620000,0.080153,2022000.000000,5651160.000000
hk00573,2007-09-05,2.550000,2.630000,2.500000,2.620000,2.550000,0.027451,777000.000000,2010370.000000
hk00573,2007-09-04,2.510000,2.550000,2.510000,2.550000,2.520000,0.011905,939000.000000,2369870.000000
hk00573,2007-09-03,2.470000,2.530000,2.470000,2.520000,2.470000,0.020243,345000.000000,865610.000000
hk00573,2007-08-31,2.500000,2.500000,2.450000,2.470000,2.490000,-0.008032,491000.000000,1214600.000000
hk00573,2007-08-30,2.500000,2.560000,2.450000,2.490000,2.420000,0.028926,494000.000000,1242110.000000
hk00573,2007-08-29,2.450000,2.450000,2.300000,2.420000,2.480000,-0.024194,1380000.000000,3347270.000000
hk00573,2007-08-28,2.500000,2.500000,2.400000,2.480000,2.500000,-0.008000,1102000.000000,2712310.000000
hk00573,2007-08-27,2.550000,2.630000,2.500000,2.500000,2.530000,-0.011858,441000.000000,1118080.000000
hk00573,2007-08-24,2.460000,2.550000,2.390000,2.530000,2.460000,0.028455,380000.000000,943340.000000
hk00573,2007-08-23,2.540000,2.600000,2.300000,2.460000,2.530000,-0.027668,443000.000000,1101620.000000
hk00573,2007-08-22,2.500000,2.570000,2.500000,2.530000,2.580000,-0.019380,130000.000000,332300.000000
hk00573,2007-08-21,2.650000,2.700000,2.510000,2.580000,2.600000,-0.007692,304000.000000,790000.000000
hk00573,2007-08-20,2.450000,2.610000,2.450000,2.600000,2.400000,0.083333,2349000.000000,6036730.000000
hk00573,2007-08-17,2.450000,2.450000,2.220000,2.400000,2.490000,-0.036145,2268000.000000,5427580.000000
hk00573,2007-08-16,2.560000,2.690000,2.350000,2.490000,2.750000,-0.094545,2877000.000000,7020220.000000
hk00573,2007-08-15,2.840000,2.840000,2.630000,2.750000,2.840000,-0.031690,1360000.000000,3676140.000000
hk00573,2007-08-14,2.850000,2.880000,2.800000,2.840000,2.880000,-0.013889,584000.000000,1664220.000000
hk00573,2007-08-13,2.900000,2.900000,2.870000,2.880000,2.900000,-0.006897,661000.000000,1908840.000000
hk00573,2007-08-10,2.950000,2.950000,2.850000,2.900000,2.970000,-0.023569,548000.000000,1591930.000000
hk00573,2007-08-09,2.950000,2.990000,2.950000,2.970000,3.000000,-0.010000,1423000.000000,4237190.000000
hk00573,2007-08-08,2.980000,3.010000,2.970000,3.000000,2.980000,0.006711,853000.000000,2553800.000000
hk00573,2007-08-07,2.950000,3.060000,2.950000,2.980000,2.990000,-0.003344,955000.000000,2868060.000000
hk00573,2007-08-06,2.980000,3.020000,2.920000,2.990000,3.030000,-0.013201,1196000.000000,3573580.000000
hk00573,2007-08-03,3.000000,3.040000,2.960000,3.030000,2.980000,0.016779,837000.000000,2512760.000000
hk00573,2007-08-02,3.050000,3.050000,2.850000,2.980000,3.050000,-0.022951,2039000.000000,6071160.000000
hk00573,2007-08-01,3.080000,3.080000,3.000000,3.050000,3.090000,-0.012945,1147000.000000,3512180.000000
hk00573,2007-07-31,3.080000,3.100000,3.050000,3.090000,3.080000,0.003247,1021000.000000,3142320.000000
hk00573,2007-07-30,3.090000,3.110000,3.060000,3.080000,3.110000,-0.009646,513000.000000,1582580.000000
hk00573,2007-07-27,3.090000,3.120000,3.050000,3.110000,3.120000,-0.003205,1332000.000000,4129150.000000
hk00573,2007-07-26,3.100000,3.150000,3.080000,3.120000,3.100000,0.006452,1585000.000000,4940650.000000
hk00573,2007-07-25,3.100000,3.130000,3.060000,3.100000,3.100000,0.000000,672000.000000,2086290.000000
hk00573,2007-07-24,3.060000,3.180000,3.050000,3.100000,3.080000,0.006494,1496000.000000,4671920.000000
hk00573,2007-07-23,3.110000,3.140000,3.080000,3.080000,3.120000,-0.012821,1048000.000000,3247860.000000
hk00573,2007-07-20,3.110000,3.160000,3.110000,3.120000,3.100000,0.006452,1473000.000000,4607220.000000
hk00573,2007-07-19,3.080000,3.100000,3.050000,3.100000,3.070000,0.009772,1446000.000000,4434080.000000
hk00573,2007-07-18,3.050000,3.130000,3.050000,3.070000,3.050000,0.006557,1476000.000000,4541580.000000
hk00573,2007-07-17,3.140000,3.150000,3.050000,3.050000,3.130000,-0.025559,1878000.000000,5823290.000000
hk00573,2007-07-16,3.160000,3.170000,3.100000,3.130000,3.150000,-0.006349,1550000.000000,4860530.000000
hk00573,2007-07-13,3.160000,3.190000,3.150000,3.150000,3.160000,-0.003165,1931000.000000,6124140.000000
hk00573,2007-07-12,3.170000,3.210000,3.150000,3.160000,3.150000,0.003175,1488000.000000,4731370.000000
hk00573,2007-07-11,3.100000,3.170000,3.100000,3.150000,3.120000,0.009615,2986000.000000,9363840.000000
hk00573,2007-07-10,3.200000,3.200000,3.100000,3.120000,3.160000,-0.012658,3916000.000000,12339510.000000
hk00573,2007-07-09,3.200000,3.210000,3.160000,3.160000,3.180000,-0.006289,2751000.000000,8749870.000000
hk00573,2007-07-06,3.210000,3.240000,3.180000,3.180000,3.190000,-0.003135,3643000.000000,11672060.000000
hk00573,2007-07-05,3.130000,3.240000,3.130000,3.190000,3.130000,0.019169,5087000.000000,16215400.000000
hk00573,2007-07-04,3.050000,3.160000,3.050000,3.130000,3.100000,0.009677,3843000.000000,12047220.000000
hk00573,2007-07-03,3.200000,3.250000,3.020000,3.100000,3.260000,-0.049080,10267000.000000,32378840.000000
hk00573,2007-06-29,3.200000,3.320000,3.110000,3.260000,,,74716500.000000,241289100.000000
